-7.600000000000000089e-01 -4.387862045841155467e-01 -3.102687007525358753e-01
-3.800000000000000044e-01 -4.387862045841155467e-01 -3.102687007525358753e-01
0.000000000000000000e+00 -4.387862045841155467e-01 -3.102687007525358753e-01
-5.700000000000000622e-01 -1.096965511460289006e-01 -3.102687007525358753e-01
-1.900000000000000022e-01 -1.096965511460289006e-01 -3.102687007525358753e-01
1.900000000000000022e-01 -1.096965511460289006e-01 -3.102687007525358753e-01
-3.800000000000000044e-01 2.193931022920577734e-01 -3.102687007525358753e-01
0.000000000000000000e+00 2.193931022920577734e-01 -3.102687007525358753e-01
3.800000000000000600e-01 2.193931022920577734e-01 -3.102687007525358753e-01
-5.700000000000000622e-01 -3.290896534380866600e-01 0.000000000000000000e+00
-1.900000000000000022e-01 -3.290896534380866600e-01 0.000000000000000000e+00
1.900000000000000022e-01 -3.290896534380866600e-01 0.000000000000000000e+00
-3.800000000000000044e-01 0.000000000000000000e+00 0.000000000000000000e+00
0.000000000000000000e+00 0.000000000000000000e+00 0.000000000000000000e+00
3.800000000000000044e-01 0.000000000000000000e+00 0.000000000000000000e+00
-1.900000000000000022e-01 3.290896534380866600e-01 0.000000000000000000e+00
1.900000000000000022e-01 3.290896534380866600e-01 0.000000000000000000e+00
5.700000000000000622e-01 3.290896534380866600e-01 0.000000000000000000e+00
-3.800000000000000600e-01 -2.193931022920577734e-01 3.102687007525358753e-01
0.000000000000000000e+00 -2.193931022920577734e-01 3.102687007525358753e-01
3.800000000000000044e-01 -2.193931022920577734e-01 3.102687007525358753e-01
-1.900000000000000022e-01 1.096965511460289006e-01 3.102687007525358753e-01
1.900000000000000022e-01 1.096965511460289006e-01 3.102687007525358753e-01
5.700000000000000622e-01 1.096965511460289006e-01 3.102687007525358753e-01
0.000000000000000000e+00 4.387862045841155467e-01 3.102687007525358753e-01
3.800000000000000044e-01 4.387862045841155467e-01 3.102687007525358753e-01
7.600000000000000089e-01 4.387862045841155467e-01 3.102687007525358753e-01
