[[ -1.52000000e-09  -8.77572409e-10  -6.20537402e-10  -3.43019975e-10
    2.21440195e-10  -8.19409278e-11]
 [ -1.14000000e-09  -8.77572409e-10  -6.20537402e-10   1.19455722e-10
   -1.66535180e-10   1.42409585e-10]
 [ -7.60000000e-10  -8.77572409e-10  -6.20537402e-10  -1.92068426e-10
   -6.31655743e-11  -3.20229214e-10]
 [ -3.80000000e-10  -8.77572409e-10  -6.20537402e-10   1.97714206e-10
    7.33163245e-11  -1.73297639e-10]
 [  0.00000000e+00  -8.77572409e-10  -6.20537402e-10  -2.16388467e-10
   -3.66531579e-11   1.89807723e-11]
 [ -1.33000000e-09  -5.48482756e-10  -6.20537402e-10  -9.92377680e-11
    2.57833568e-10   6.15600061e-11]
 [ -9.50000000e-10  -5.48482756e-10  -6.20537402e-10   1.35197810e-10
   -1.31970601e-10   7.71624747e-11]
 [ -5.70000000e-10  -5.48482756e-10  -6.20537402e-10  -1.07228366e-10
   -5.51917404e-11   1.63522561e-10]
 [ -1.90000000e-10  -5.48482756e-10  -6.20537402e-10  -1.22412826e-10
    1.52417680e-10   3.42733616e-10]
 [  1.90000000e-10  -5.48482756e-10  -6.20537402e-10  -1.62570914e-10
   -1.41403149e-10  -1.90580239e-10]
 [ -1.14000000e-09  -2.19393102e-10  -6.20537402e-10  -9.26861407e-11
   -3.96550677e-10   2.22796569e-10]
 [ -7.60000000e-10  -2.19393102e-10  -6.20537402e-10  -4.06930947e-11
   -2.01711068e-10   2.73513147e-10]
 [ -3.80000000e-10  -2.19393102e-10  -6.20537402e-10   1.90857013e-10
    2.62974346e-10  -1.58053415e-10]
 [  0.00000000e+00  -2.19393102e-10  -6.20537402e-10   2.96694314e-10
    9.19614567e-11   1.86115763e-10]
 [  3.80000000e-10  -2.19393102e-10  -6.20537402e-10  -2.20385787e-10
    1.45816946e-10  -3.54465899e-10]
 [ -9.50000000e-10   1.09696551e-10  -6.20537402e-10   1.74698255e-10
    2.39204800e-10   2.06676549e-10]
 [ -5.70000000e-10   1.09696551e-10  -6.20537402e-10  -1.61607508e-10
    2.56120173e-10   1.86207522e-10]
 [ -1.90000000e-10   1.09696551e-10  -6.20537402e-10  -8.34868710e-11
    2.12738113e-10  -2.39442996e-10]
 [  1.90000000e-10   1.09696551e-10  -6.20537402e-10  -8.06714692e-11
    6.52839681e-11  -1.52665033e-10]
 [  5.70000000e-10   1.09696551e-10  -6.20537402e-10   2.35192937e-10
    1.53391565e-10   2.81332607e-11]
 [ -7.60000000e-10   4.38786205e-10  -6.20537402e-10   3.80093649e-10
   -1.53286465e-10  -1.47057193e-10]
 [ -3.80000000e-10   4.38786205e-10  -6.20537402e-10  -4.67381060e-11
   -1.00473282e-10  -1.23759684e-10]
 [  0.00000000e+00   4.38786205e-10  -6.20537402e-10   2.19198528e-10
    1.40186394e-10   8.71190958e-11]
 [  3.80000000e-10   4.38786205e-10  -6.20537402e-10   1.34226710e-10
    7.96237575e-11  -1.12792903e-10]
 [  7.60000000e-10   4.38786205e-10  -6.20537402e-10   1.64836074e-10
   -1.58642337e-10   1.20535385e-10]
 [ -1.33000000e-09  -7.67875858e-10  -3.10268701e-10  -1.13825195e-10
    1.73658660e-10  -7.32459689e-11]
 [ -9.50000000e-10  -7.67875858e-10  -3.10268701e-10  -2.50630786e-10
   -1.04959546e-10   6.92211130e-11]
 [ -5.70000000e-10  -7.67875858e-10  -3.10268701e-10  -1.41236281e-10
   -1.46214551e-10   4.83333904e-10]
 [ -1.90000000e-10  -7.67875858e-10  -3.10268701e-10   4.90646311e-11
   -1.14859105e-10  -9.35884382e-11]
 [  1.90000000e-10  -7.67875858e-10  -3.10268701e-10   1.35434432e-10
   -6.70054771e-11  -2.55320576e-10]
 [ -1.14000000e-09  -4.38786205e-10  -3.10268701e-10  -1.44940731e-10
    5.84864612e-11  -2.32987590e-10]
 [ -7.60000000e-10  -4.38786205e-10  -3.10268701e-10  -1.23035042e-10
   -1.72146481e-10   7.34622231e-11]
 [ -3.80000000e-10  -4.38786205e-10  -3.10268701e-10  -2.27008743e-10
   -1.52446756e-10  -1.53936410e-10]
 [  0.00000000e+00  -4.38786205e-10  -3.10268701e-10  -5.37412428e-11
   -3.27463184e-10   1.61722218e-10]
 [  3.80000000e-10  -4.38786205e-10  -3.10268701e-10  -1.20784990e-10
    1.38050750e-10  -6.49655071e-11]
 [ -9.50000000e-10  -1.09696551e-10  -3.10268701e-10  -5.07821726e-11
   -3.06411075e-10   7.13850474e-11]
 [ -5.70000000e-10  -1.09696551e-10  -3.10268701e-10  -1.64404765e-10
   -1.07427202e-10  -1.96664290e-10]
 [ -1.90000000e-10  -1.09696551e-10  -3.10268701e-10  -6.81739184e-11
    2.24954553e-10   1.37330957e-10]
 [  1.90000000e-10  -1.09696551e-10  -3.10268701e-10   7.91755368e-11
    2.22121928e-11   1.25615744e-10]
 [  5.70000000e-10  -1.09696551e-10  -3.10268701e-10  -1.76165849e-10
   -1.30584336e-10  -7.12960908e-11]
 [ -7.60000000e-10   2.19393102e-10  -3.10268701e-10   3.14279490e-10
   -2.66709969e-10  -8.43392398e-11]
 [ -3.80000000e-10   2.19393102e-10  -3.10268701e-10   1.33047668e-10
    1.34340906e-10   9.87015999e-11]
 [  0.00000000e+00   2.19393102e-10  -3.10268701e-10  -2.15653620e-10
    1.24566003e-10  -1.31112810e-10]
 [  3.80000000e-10   2.19393102e-10  -3.10268701e-10   7.95646631e-11
    9.39235284e-11   1.39587605e-10]
 [  7.60000000e-10   2.19393102e-10  -3.10268701e-10   2.46484856e-10
    1.25659093e-10  -2.58838479e-10]
 [ -5.70000000e-10   5.48482756e-10  -3.10268701e-10  -9.97429231e-11
    1.29081865e-10  -1.33713780e-10]
 [ -1.90000000e-10   5.48482756e-10  -3.10268701e-10  -3.63793289e-11
   -2.78961049e-10  -1.23954084e-10]
 [  1.90000000e-10   5.48482756e-10  -3.10268701e-10  -1.50793004e-10
   -1.87461255e-10  -5.50039556e-11]
 [  5.70000000e-10   5.48482756e-10  -3.10268701e-10  -4.52461494e-11
    1.24885885e-10  -2.89238774e-10]
 [  9.50000000e-10   5.48482756e-10  -3.10268701e-10  -1.77149854e-10
   -3.05137168e-10  -2.58779486e-10]
 [ -1.14000000e-09  -6.58179307e-10   0.00000000e+00  -2.68950332e-10
   -4.98433224e-11   5.69907186e-11]
 [ -7.60000000e-10  -6.58179307e-10   0.00000000e+00   2.15248202e-10
    2.50874362e-10   1.56102440e-10]
 [ -3.80000000e-10  -6.58179307e-10   0.00000000e+00  -1.88239534e-10
   -1.04828879e-10   2.36401707e-10]
 [  0.00000000e+00  -6.58179307e-10   0.00000000e+00  -4.39938716e-10
    2.33382103e-10  -1.65825358e-10]
 [  3.80000000e-10  -6.58179307e-10   0.00000000e+00   9.77494851e-11
   -2.11089393e-10  -1.01760935e-10]
 [ -9.50000000e-10  -3.29089653e-10   0.00000000e+00   1.56141333e-10
   -3.13674172e-10   5.87030298e-11]
 [ -5.70000000e-10  -3.29089653e-10   0.00000000e+00   3.30616931e-10
   -1.03171912e-10   1.21313763e-10]
 [ -1.90000000e-10  -3.29089653e-10   0.00000000e+00  -8.99781443e-11
    1.27985895e-10  -8.05594690e-11]
 [  1.90000000e-10  -3.29089653e-10   0.00000000e+00   6.86311187e-11
    3.02540177e-10   3.18552345e-11]
 [  5.70000000e-10  -3.29089653e-10   0.00000000e+00  -2.81113034e-10
    1.28850536e-10  -1.56618242e-10]
 [ -7.60000000e-10   0.00000000e+00   0.00000000e+00   2.96894169e-10
   -3.79077376e-10   1.41894918e-10]
 [ -3.80000000e-10   0.00000000e+00   0.00000000e+00   2.53064580e-10
    1.89996494e-10  -1.57912392e-10]
 [  0.00000000e+00   0.00000000e+00   0.00000000e+00   1.62051645e-10
    2.44337075e-10   1.84374937e-10]
 [  3.80000000e-10   0.00000000e+00   0.00000000e+00  -1.83124798e-10
   -6.18898674e-11   1.89643809e-10]
 [  7.60000000e-10   0.00000000e+00   0.00000000e+00   6.97110464e-11
    1.43021160e-10  -1.53783756e-10]
 [ -5.70000000e-10   3.29089653e-10   0.00000000e+00  -1.49817173e-10
   -2.08571831e-10  -1.72064284e-10]
 [ -1.90000000e-10   3.29089653e-10   0.00000000e+00  -1.91333816e-10
    6.78607477e-11  -9.52705068e-11]
 [  1.90000000e-10   3.29089653e-10   0.00000000e+00  -7.08900920e-11
   -1.68083664e-10  -1.00971503e-10]
 [  5.70000000e-10   3.29089653e-10   0.00000000e+00   1.72805645e-10
    2.44166837e-10   2.70866736e-10]
 [  9.50000000e-10   3.29089653e-10   0.00000000e+00  -9.26500423e-11
    2.15643915e-10   2.19861976e-10]
 [ -3.80000000e-10   6.58179307e-10   0.00000000e+00   1.78379322e-10
    1.07878445e-10  -1.03734274e-10]
 [  0.00000000e+00   6.58179307e-10   0.00000000e+00   9.80586239e-11
   -2.21619341e-10  -2.03671779e-10]
 [  3.80000000e-10   6.58179307e-10   0.00000000e+00  -1.39113467e-10
   -1.54532880e-10   3.49334387e-10]
 [  7.60000000e-10   6.58179307e-10   0.00000000e+00   2.17657078e-10
   -1.17772295e-10  -1.24863908e-10]
 [  1.14000000e-09   6.58179307e-10   0.00000000e+00   3.35497668e-10
   -1.47960817e-10   3.30937874e-11]
 [ -9.50000000e-10  -5.48482756e-10   3.10268701e-10   7.54016874e-11
    7.00881328e-11   1.74023746e-10]
 [ -5.70000000e-10  -5.48482756e-10   3.10268701e-10  -1.50106289e-10
    1.75660145e-10   1.41724891e-10]
 [ -1.90000000e-10  -5.48482756e-10   3.10268701e-10   6.51618681e-11
   -1.84722932e-10  -6.26750723e-11]
 [  1.90000000e-10  -5.48482756e-10   3.10268701e-10  -1.15358187e-10
   -7.66601009e-11   1.36678626e-10]
 [  5.70000000e-10  -5.48482756e-10   3.10268701e-10   2.97196067e-10
    1.65488791e-10   2.77748052e-10]
 [ -7.60000000e-10  -2.19393102e-10   3.10268701e-10  -1.97246736e-10
   -1.01642790e-10   2.09673956e-10]
 [ -3.80000000e-10  -2.19393102e-10   3.10268701e-10   1.75857544e-10
    1.12432538e-10   1.67904115e-10]
 [  0.00000000e+00  -2.19393102e-10   3.10268701e-10  -5.66055147e-11
    2.60828156e-10   2.50594943e-10]
 [  3.80000000e-10  -2.19393102e-10   3.10268701e-10  -3.40249513e-10
    9.37853785e-11   1.21974817e-10]
 [  7.60000000e-10  -2.19393102e-10   3.10268701e-10  -2.04027410e-10
   -1.77248122e-10  -1.59376799e-10]
 [ -5.70000000e-10   1.09696551e-10   3.10268701e-10  -9.09613686e-11
   -2.47360742e-10   6.24745988e-11]
 [ -1.90000000e-10   1.09696551e-10   3.10268701e-10   2.39581122e-10
    1.66028787e-10   2.33644166e-10]
 [  1.90000000e-10   1.09696551e-10   3.10268701e-10   5.27724435e-11
    1.36883568e-10  -7.00235743e-11]
 [  5.70000000e-10   1.09696551e-10   3.10268701e-10  -1.55455279e-10
    5.29953414e-11   1.05989162e-10]
 [  9.50000000e-10   1.09696551e-10   3.10268701e-10   1.46176252e-10
   -2.63591942e-10   1.61915824e-10]
 [ -3.80000000e-10   4.38786205e-10   3.10268701e-10  -1.41912563e-10
    2.75736726e-10   1.40004203e-10]
 [  0.00000000e+00   4.38786205e-10   3.10268701e-10   9.26609155e-11
    1.37632056e-10  -1.60711305e-10]
 [  3.80000000e-10   4.38786205e-10   3.10268701e-10   5.61997722e-11
   -1.33539162e-10   9.54635634e-11]
 [  7.60000000e-10   4.38786205e-10   3.10268701e-10   4.58583637e-11
   -1.34717052e-10  -2.74856556e-10]
 [  1.14000000e-09   4.38786205e-10   3.10268701e-10  -1.38420859e-10
   -1.74897467e-11   2.66080811e-10]
 [ -1.90000000e-10   7.67875858e-10   3.10268701e-10   1.36408498e-10
    2.63813662e-10   1.84269458e-10]
 [  1.90000000e-10   7.67875858e-10   3.10268701e-10  -1.67935548e-10
   -2.03686129e-10   7.63569514e-11]
 [  5.70000000e-10   7.67875858e-10   3.10268701e-10   1.77253970e-10
   -4.29073308e-11   3.03944397e-10]
 [  9.50000000e-10   7.67875858e-10   3.10268701e-10  -1.73814964e-10
   -5.52381623e-11   1.55996104e-10]
 [  1.33000000e-09   7.67875858e-10   3.10268701e-10  -1.03784684e-10
    2.54908993e-10   1.31477414e-10]
 [ -7.60000000e-10  -4.38786205e-10   6.20537402e-10   2.19395869e-10
    1.08802706e-10  -2.23864615e-10]
 [ -3.80000000e-10  -4.38786205e-10   6.20537402e-10   3.54154561e-10
    9.00687006e-11   3.83526725e-11]
 [  0.00000000e+00  -4.38786205e-10   6.20537402e-10   2.56509544e-10
    2.07561109e-10  -1.74746228e-10]
 [  3.80000000e-10  -4.38786205e-10   6.20537402e-10   5.40787732e-11
    1.30556329e-10   8.63375682e-11]
 [  7.60000000e-10  -4.38786205e-10   6.20537402e-10  -1.14608420e-10
   -1.04400353e-10   1.60939521e-10]
 [ -5.70000000e-10  -1.09696551e-10   6.20537402e-10  -1.13477296e-10
   -1.80926980e-10   3.17603164e-10]
 [ -1.90000000e-10  -1.09696551e-10   6.20537402e-10   2.21047585e-10
    2.10586728e-10   2.11957044e-10]
 [  1.90000000e-10  -1.09696551e-10   6.20537402e-10  -1.22612509e-10
    2.64392839e-10   3.03853963e-10]
 [  5.70000000e-10  -1.09696551e-10   6.20537402e-10   2.23891550e-10
    2.15083131e-10   2.31744164e-10]
 [  9.50000000e-10  -1.09696551e-10   6.20537402e-10   5.25168426e-11
   -1.33786262e-10   8.36117469e-11]
 [ -3.80000000e-10   2.19393102e-10   6.20537402e-10  -1.56474764e-10
   -2.23543442e-10  -1.90208357e-10]
 [  0.00000000e+00   2.19393102e-10   6.20537402e-10   6.55858908e-11
   -1.19659835e-10  -2.08012770e-10]
 [  3.80000000e-10   2.19393102e-10   6.20537402e-10   8.82024713e-11
   -2.41427892e-10   3.55363865e-11]
 [  7.60000000e-10   2.19393102e-10   6.20537402e-10   3.46757752e-10
    1.26563436e-10   2.10814173e-10]
 [  1.14000000e-09   2.19393102e-10   6.20537402e-10   1.60824685e-10
   -1.69948958e-10   1.80090886e-10]
 [ -1.90000000e-10   5.48482756e-10   6.20537402e-10   1.69899048e-10
   -2.14386828e-10   1.15103705e-10]
 [  1.90000000e-10   5.48482756e-10   6.20537402e-10  -8.80583757e-11
   -1.79383288e-10   3.72120083e-10]
 [  5.70000000e-10   5.48482756e-10   6.20537402e-10  -2.07383089e-10
   -2.90987481e-10  -1.10636524e-10]
 [  9.50000000e-10   5.48482756e-10   6.20537402e-10   1.32787984e-10
    1.45214636e-10  -7.94214199e-11]
 [  1.33000000e-09   5.48482756e-10   6.20537402e-10   1.18957643e-10
   -2.95590361e-10   1.70536566e-10]
 [  0.00000000e+00   8.77572409e-10   6.20537402e-10  -3.56257094e-10
   -9.07684691e-11  -2.67760851e-10]
 [  3.80000000e-10   8.77572409e-10   6.20537402e-10   2.38268680e-10
    9.48945909e-11   1.71624696e-10]
 [  7.60000000e-10   8.77572409e-10   6.20537402e-10  -8.85101219e-11
   -2.72280615e-10   1.70195293e-10]
 [  1.14000000e-09   8.77572409e-10   6.20537402e-10   3.15471299e-11
    4.31273949e-11  -2.49805662e-10]
 [  1.52000000e-09   8.77572409e-10   6.20537402e-10   1.75862733e-10
   -1.26922333e-10  -4.50283572e-11]]