2.0000e-02	1.9262e+04	3.9873e+02	5.6048e+04	0.0000e+00
1.0020e+01	7.1265e+19	7.0903e+19	1.0742e+18	6.5807e+10
2.0020e+01	4.1839e+20	4.1803e+20	1.0742e+18	1.5979e+11
3.0020e+01	1.0547e+21	1.0544e+21	1.0742e+18	2.5377e+11
4.0020e+01	1.9803e+21	1.9799e+21	1.0742e+18	3.4775e+11
5.0020e+01	3.1951e+21	3.1947e+21	1.0742e+18	4.4173e+11
6.0020e+01	4.6991e+21	4.6987e+21	1.0742e+18	5.3571e+11
7.0020e+01	6.4923e+21	6.4919e+21	1.0742e+18	6.2969e+11
8.0020e+01	8.5747e+21	8.5743e+21	1.0742e+18	7.2367e+11
9.0020e+01	1.0946e+22	1.0946e+22	1.0741e+18	8.1765e+11
1.0002e+02	1.3607e+22	1.3607e+22	1.0741e+18	9.1163e+11
1.1002e+02	1.6557e+22	1.6557e+22	1.0741e+18	1.0056e+12
1.2002e+02	1.9796e+22	1.9796e+22	1.0741e+18	1.0996e+12
1.3002e+02	2.3325e+22	2.3324e+22	1.0741e+18	1.1936e+12
1.4002e+02	2.7142e+22	2.7142e+22	1.0741e+18	1.2875e+12
1.5002e+02	3.1249e+22	3.1249e+22	1.0741e+18	1.3815e+12
1.6002e+02	3.5645e+22	3.5644e+22	1.0741e+18	1.4755e+12
1.7002e+02	4.0330e+22	4.0329e+22	1.0741e+18	1.5695e+12
1.8002e+02	4.5304e+22	4.5304e+22	1.0741e+18	1.6634e+12
1.9002e+02	5.0567e+22	5.0567e+22	1.0741e+18	1.7574e+12
2.0002e+02	5.6120e+22	5.6120e+22	1.0740e+18	1.8514e+12
2.1002e+02	6.1962e+22	6.1961e+22	1.0740e+18	1.9454e+12
2.2002e+02	6.8093e+22	6.8092e+22	1.0740e+18	2.0393e+12
2.3002e+02	7.4513e+22	7.4512e+22	1.0740e+18	2.1333e+12
2.4002e+02	8.1222e+22	8.1222e+22	1.0740e+18	2.2273e+12
2.5002e+02	8.8220e+22	8.8220e+22	1.0740e+18	2.3213e+12
2.6002e+02	9.5508e+22	9.5507e+22	1.0740e+18	2.4152e+12
2.7002e+02	1.0308e+23	1.0308e+23	1.0740e+18	2.5092e+12
2.8002e+02	1.1095e+23	1.1095e+23	1.0740e+18	2.6032e+12
2.9002e+02	1.1910e+23	1.1910e+23	1.0740e+18	2.6972e+12
3.0002e+02	1.2755e+23	1.2755e+23	1.0740e+18	2.7911e+12
3.1002e+02	1.3628e+23	1.3628e+23	1.0740e+18	2.8851e+12
3.2002e+02	1.4530e+23	1.4530e+23	1.0739e+18	2.9791e+12
3.3002e+02	1.5462e+23	1.5462e+23	1.0739e+18	3.0730e+12
3.4002e+02	1.6422e+23	1.6422e+23	1.0739e+18	3.1670e+12
3.5002e+02	1.7411e+23	1.7411e+23	1.0739e+18	3.2610e+12
3.6002e+02	1.8428e+23	1.8428e+23	1.0739e+18	3.3550e+12
3.7002e+02	1.9475e+23	1.9475e+23	1.0739e+18	3.4489e+12
3.8002e+02	2.0551e+23	2.0551e+23	1.0739e+18	3.5429e+12
3.9002e+02	2.1655e+23	2.1655e+23	1.0739e+18	3.6369e+12
4.0002e+02	2.2789e+23	2.2789e+23	1.0739e+18	3.7308e+12
4.1002e+02	2.3951e+23	2.3951e+23	1.0739e+18	3.8248e+12
4.2002e+02	2.5143e+23	2.5143e+23	1.0739e+18	3.9188e+12
4.3002e+02	2.6363e+23	2.6363e+23	1.0738e+18	4.0127e+12
4.4002e+02	2.7612e+23	2.7612e+23	1.0738e+18	4.1067e+12
4.5002e+02	2.8890e+23	2.8890e+23	1.0738e+18	4.2007e+12
4.6002e+02	3.0197e+23	3.0197e+23	1.0738e+18	4.2946e+12
4.7002e+02	3.1533e+23	3.1533e+23	1.0738e+18	4.3886e+12
4.8002e+02	3.2898e+23	3.2898e+23	1.0738e+18	4.4825e+12
4.9002e+02	3.4291e+23	3.4291e+23	1.0738e+18	4.5765e+12
5.0002e+02	3.5714e+23	3.5714e+23	1.0738e+18	4.6705e+12
5.1002e+02	3.7165e+23	3.7165e+23	1.0738e+18	4.7644e+12
5.2002e+02	3.8646e+23	3.8646e+23	1.0738e+18	4.8584e+12
5.3002e+02	4.0155e+23	4.0155e+23	1.0738e+18	4.9524e+12
5.4002e+02	4.1693e+23	4.1693e+23	1.0737e+18	5.0463e+12
5.5002e+02	4.3260e+23	4.3260e+23	1.0737e+18	5.1403e+12
5.6002e+02	4.4856e+23	4.4856e+23	1.0737e+18	5.2343e+12
5.7002e+02	4.6481e+23	4.6481e+23	1.0737e+18	5.3282e+12
5.8002e+02	4.8135e+23	4.8135e+23	1.0737e+18	5.4222e+12
5.9002e+02	4.9818e+23	4.9818e+23	1.0737e+18	5.5161e+12
6.0002e+02	5.1529e+23	5.1529e+23	1.0737e+18	5.6101e+12
6.1002e+02	5.3270e+23	5.3270e+23	1.0737e+18	5.7041e+12
6.2002e+02	5.5039e+23	5.5039e+23	1.0737e+18	5.7980e+12
6.3002e+02	5.6838e+23	5.6838e+23	1.0737e+18	5.8920e+12
6.4002e+02	5.8665e+23	5.8665e+23	1.0737e+18	5.9859e+12
6.5002e+02	6.0521e+23	6.0521e+23	1.0737e+18	6.0799e+12
6.6002e+02	6.2406e+23	6.2406e+23	1.0736e+18	6.1738e+12
6.7002e+02	6.4320e+23	6.4320e+23	1.0736e+18	6.2678e+12
6.8002e+02	6.6263e+23	6.6263e+23	1.0736e+18	6.3618e+12
6.9002e+02	6.8234e+23	6.8234e+23	1.0736e+18	6.4557e+12
7.0002e+02	7.0235e+23	7.0235e+23	1.0736e+18	6.5497e+12
7.1002e+02	7.2264e+23	7.2264e+23	1.0736e+18	6.6436e+12
7.2002e+02	7.4323e+23	7.4323e+23	1.0736e+18	6.7376e+12
7.3002e+02	7.6410e+23	7.6410e+23	1.0736e+18	6.8315e+12
7.4002e+02	7.8526e+23	7.8526e+23	1.0736e+18	6.9255e+12
7.5002e+02	8.0671e+23	8.0671e+23	1.0736e+18	7.0194e+12
7.6002e+02	8.2845e+23	8.2845e+23	1.0736e+18	7.1134e+12
7.7002e+02	8.5048e+23	8.5048e+23	1.0735e+18	7.2073e+12
7.8002e+02	8.7280e+23	8.7280e+23	1.0735e+18	7.3013e+12
7.9002e+02	8.9541e+23	8.9541e+23	1.0735e+18	7.3953e+12
8.0002e+02	9.1830e+23	9.1830e+23	1.0735e+18	7.4892e+12
8.1002e+02	9.4149e+23	9.4149e+23	1.0735e+18	7.5832e+12
8.2002e+02	9.6496e+23	9.6496e+23	1.0735e+18	7.6771e+12
8.3002e+02	9.8872e+23	9.8872e+23	1.0735e+18	7.7711e+12
8.4002e+02	1.0128e+24	1.0128e+24	1.0735e+18	7.8650e+12
8.5002e+02	1.0371e+24	1.0371e+24	1.0735e+18	7.9590e+12
8.6002e+02	1.0617e+24	1.0617e+24	1.0735e+18	8.0529e+12
8.7002e+02	1.0867e+24	1.0867e+24	1.0735e+18	8.1469e+12
8.8002e+02	1.1119e+24	1.1119e+24	1.0734e+18	8.2408e+12
8.9002e+02	1.1374e+24	1.1374e+24	1.0734e+18	8.3348e+12
9.0002e+02	1.1632e+24	1.1632e+24	1.0734e+18	8.4287e+12
9.1002e+02	1.1892e+24	1.1892e+24	1.0734e+18	8.5227e+12
9.2002e+02	1.2156e+24	1.2156e+24	1.0734e+18	8.6166e+12
9.3002e+02	1.2422e+24	1.2422e+24	1.0734e+18	8.7105e+12
9.4002e+02	1.2692e+24	1.2692e+24	1.0734e+18	8.8045e+12
9.5002e+02	1.2964e+24	1.2964e+24	1.0734e+18	8.8984e+12
9.6002e+02	1.3239e+24	1.3239e+24	1.0734e+18	8.9924e+12
9.7002e+02	1.3517e+24	1.3517e+24	1.0734e+18	9.0863e+12
9.8002e+02	1.3798e+24	1.3798e+24	1.0734e+18	9.1803e+12
9.9002e+02	1.4082e+24	1.4082e+24	1.0733e+18	9.2742e+12
1.0000e+03	1.4369e+24	1.4369e+24	1.0733e+18	9.3682e+12
1.0100e+03	1.4659e+24	1.4659e+24	1.0733e+18	9.4621e+12
1.0200e+03	1.4951e+24	1.4951e+24	1.0733e+18	9.5561e+12
1.0300e+03	1.5246e+24	1.5246e+24	1.0733e+18	9.6500e+12
1.0400e+03	1.5545e+24	1.5545e+24	1.0733e+18	9.7439e+12
1.0500e+03	1.5846e+24	1.5846e+24	1.0733e+18	9.8379e+12
1.0600e+03	1.6150e+24	1.6150e+24	1.0733e+18	9.9318e+12
1.0700e+03	1.6457e+24	1.6457e+24	1.0733e+18	1.0026e+13
1.0800e+03	1.6767e+24	1.6767e+24	1.0733e+18	1.0120e+13
1.0900e+03	1.7080e+24	1.7080e+24	1.0733e+18	1.0214e+13
1.1000e+03	1.7395e+24	1.7395e+24	1.0733e+18	1.0308e+13
1.1100e+03	1.7714e+24	1.7714e+24	1.0732e+18	1.0402e+13
1.1200e+03	1.8035e+24	1.8035e+24	1.0732e+18	1.0495e+13
1.1300e+03	1.8359e+24	1.8359e+24	1.0732e+18	1.0589e+13
1.1400e+03	1.8687e+24	1.8687e+24	1.0732e+18	1.0683e+13
1.1500e+03	1.9017e+24	1.9017e+24	1.0732e+18	1.0777e+13
1.1600e+03	1.9350e+24	1.9350e+24	1.0732e+18	1.0871e+13
1.1700e+03	1.9685e+24	1.9685e+24	1.0732e+18	1.0965e+13
1.1800e+03	2.0024e+24	2.0024e+24	1.0732e+18	1.1059e+13
1.1900e+03	2.0366e+24	2.0366e+24	1.0732e+18	1.1153e+13
1.2000e+03	2.0710e+24	2.0710e+24	1.0732e+18	1.1247e+13
1.2100e+03	2.1058e+24	2.1058e+24	1.0732e+18	1.1341e+13
1.2200e+03	2.1408e+24	2.1408e+24	1.0731e+18	1.1435e+13
1.2300e+03	2.1761e+24	2.1761e+24	1.0731e+18	1.1529e+13
1.2400e+03	2.2117e+24	2.2117e+24	1.0731e+18	1.1623e+13
1.2500e+03	2.2476e+24	2.2476e+24	1.0731e+18	1.1717e+13
1.2600e+03	2.2838e+24	2.2838e+24	1.0731e+18	1.1811e+13
1.2700e+03	2.3203e+24	2.3203e+24	1.0731e+18	1.1905e+13
1.2800e+03	2.3570e+24	2.3570e+24	1.0731e+18	1.1998e+13
1.2900e+03	2.3941e+24	2.3941e+24	1.0731e+18	1.2092e+13
1.3000e+03	2.4314e+24	2.4314e+24	1.0731e+18	1.2186e+13
1.3100e+03	2.4690e+24	2.4690e+24	1.0731e+18	1.2280e+13
1.3200e+03	2.5070e+24	2.5070e+24	1.0731e+18	1.2374e+13
1.3300e+03	2.5452e+24	2.5452e+24	1.0730e+18	1.2468e+13
1.3400e+03	2.5837e+24	2.5837e+24	1.0730e+18	1.2562e+13
1.3500e+03	2.6224e+24	2.6224e+24	1.0730e+18	1.2656e+13
1.3600e+03	2.6615e+24	2.6615e+24	1.0730e+18	1.2750e+13
1.3700e+03	2.7009e+24	2.7009e+24	1.0730e+18	1.2844e+13
1.3800e+03	2.7405e+24	2.7405e+24	1.0730e+18	1.2938e+13
1.3900e+03	2.7805e+24	2.7805e+24	1.0730e+18	1.3032e+13
1.4000e+03	2.8207e+24	2.8207e+24	1.0730e+18	1.3126e+13
1.4100e+03	2.8612e+24	2.8612e+24	1.0730e+18	1.3220e+13
1.4200e+03	2.9020e+24	2.9020e+24	1.0730e+18	1.3313e+13
1.4300e+03	2.9431e+24	2.9431e+24	1.0730e+18	1.3407e+13
1.4400e+03	2.9845e+24	2.9845e+24	1.0730e+18	1.3501e+13
1.4500e+03	3.0261e+24	3.0261e+24	1.0729e+18	1.3595e+13
1.4600e+03	3.0681e+24	3.0681e+24	1.0729e+18	1.3689e+13
1.4700e+03	3.1103e+24	3.1103e+24	1.0729e+18	1.3783e+13
1.4800e+03	3.1529e+24	3.1529e+24	1.0729e+18	1.3877e+13
1.4900e+03	3.1957e+24	3.1957e+24	1.0729e+18	1.3971e+13
1.5000e+03	3.2388e+24	3.2388e+24	1.0729e+18	1.4065e+13
1.5100e+03	3.2822e+24	3.2822e+24	1.0729e+18	1.4159e+13
1.5200e+03	3.3259e+24	3.3259e+24	1.0729e+18	1.4253e+13
1.5300e+03	3.3699e+24	3.3699e+24	1.0729e+18	1.4347e+13
1.5400e+03	3.4142e+24	3.4142e+24	1.0729e+18	1.4441e+13
1.5500e+03	3.4587e+24	3.4587e+24	1.0729e+18	1.4535e+13
1.5600e+03	3.5036e+24	3.5036e+24	1.0728e+18	1.4628e+13
1.5700e+03	3.5487e+24	3.5487e+24	1.0728e+18	1.4722e+13
1.5800e+03	3.5941e+24	3.5941e+24	1.0728e+18	1.4816e+13
1.5900e+03	3.6398e+24	3.6398e+24	1.0728e+18	1.4910e+13
1.6000e+03	3.6858e+24	3.6858e+24	1.0728e+18	1.5004e+13
1.6100e+03	3.7321e+24	3.7321e+24	1.0728e+18	1.5098e+13
1.6200e+03	3.7787e+24	3.7787e+24	1.0728e+18	1.5192e+13
1.6300e+03	3.8256e+24	3.8256e+24	1.0728e+18	1.5286e+13
1.6400e+03	3.8727e+24	3.8727e+24	1.0728e+18	1.5380e+13
1.6500e+03	3.9202e+24	3.9202e+24	1.0728e+18	1.5474e+13
1.6600e+03	3.9679e+24	3.9679e+24	1.0728e+18	1.5568e+13
1.6700e+03	4.0159e+24	4.0159e+24	1.0727e+18	1.5662e+13
1.6800e+03	4.0642e+24	4.0642e+24	1.0727e+18	1.5755e+13
1.6900e+03	4.1128e+24	4.1128e+24	1.0727e+18	1.5849e+13
1.7000e+03	4.1617e+24	4.1617e+24	1.0727e+18	1.5943e+13
1.7100e+03	4.2109e+24	4.2109e+24	1.0727e+18	1.6037e+13
1.7200e+03	4.2603e+24	4.2603e+24	1.0727e+18	1.6131e+13
1.7300e+03	4.3101e+24	4.3101e+24	1.0727e+18	1.6225e+13
1.7400e+03	4.3601e+24	4.3601e+24	1.0727e+18	1.6319e+13
1.7500e+03	4.4105e+24	4.4105e+24	1.0727e+18	1.6413e+13
1.7600e+03	4.4611e+24	4.4611e+24	1.0727e+18	1.6507e+13
1.7700e+03	4.5120e+24	4.5120e+24	1.0727e+18	1.6601e+13
1.7800e+03	4.5632e+24	4.5632e+24	1.0727e+18	1.6695e+13
1.7900e+03	4.6147e+24	4.6147e+24	1.0726e+18	1.6789e+13
1.8000e+03	4.6664e+24	4.6664e+24	1.0726e+18	1.6882e+13
1.8100e+03	4.7185e+24	4.7185e+24	1.0726e+18	1.6976e+13
1.8200e+03	4.7709e+24	4.7709e+24	1.0726e+18	1.7070e+13
1.8300e+03	4.8235e+24	4.8235e+24	1.0726e+18	1.7164e+13
1.8400e+03	4.8764e+24	4.8764e+24	1.0726e+18	1.7258e+13
1.8500e+03	4.9296e+24	4.9296e+24	1.0726e+18	1.7352e+13
1.8600e+03	4.9831e+24	4.9831e+24	1.0726e+18	1.7446e+13
1.8700e+03	5.0369e+24	5.0369e+24	1.0726e+18	1.7540e+13
1.8800e+03	5.0910e+24	5.0910e+24	1.0726e+18	1.7634e+13
1.8900e+03	5.1454e+24	5.1454e+24	1.0726e+18	1.7728e+13
1.9000e+03	5.2000e+24	5.2000e+24	1.0725e+18	1.7822e+13
1.9100e+03	5.2550e+24	5.2550e+24	1.0725e+18	1.7915e+13
1.9200e+03	5.3102e+24	5.3102e+24	1.0725e+18	1.8009e+13
1.9300e+03	5.3657e+24	5.3657e+24	1.0725e+18	1.8103e+13
1.9400e+03	5.4216e+24	5.4216e+24	1.0725e+18	1.8197e+13
1.9500e+03	5.4777e+24	5.4777e+24	1.0725e+18	1.8291e+13
1.9600e+03	5.5340e+24	5.5340e+24	1.0725e+18	1.8385e+13
1.9700e+03	5.5907e+24	5.5907e+24	1.0725e+18	1.8479e+13
1.9800e+03	5.6477e+24	5.6477e+24	1.0725e+18	1.8573e+13
1.9900e+03	5.7049e+24	5.7049e+24	1.0725e+18	1.8667e+13
2.0000e+03	5.7625e+24	5.7625e+24	1.0725e+18	1.8761e+13
2.0100e+03	5.8203e+24	5.8203e+24	1.0725e+18	1.8855e+13
2.0200e+03	5.8784e+24	5.8784e+24	1.0724e+18	1.8948e+13
2.0300e+03	5.9369e+24	5.9369e+24	1.0724e+18	1.9042e+13
2.0400e+03	5.9955e+24	5.9955e+24	1.0724e+18	1.9136e+13
2.0500e+03	6.0545e+24	6.0545e+24	1.0724e+18	1.9230e+13
2.0600e+03	6.1138e+24	6.1138e+24	1.0724e+18	1.9324e+13
2.0700e+03	6.1734e+24	6.1734e+24	1.0724e+18	1.9418e+13
2.0800e+03	6.2332e+24	6.2332e+24	1.0724e+18	1.9512e+13
2.0900e+03	6.2934e+24	6.2934e+24	1.0724e+18	1.9606e+13
