2.0000e-03	1.6470e+03	-6.7603e+02	1.4909e+03	0.0000e+00
1.0002e+01	1.6470e+03	-6.1564e+02	1.4521e+03	0.0000e+00
2.0002e+01	1.6469e+03	-3.9849e+02	1.3127e+03	0.0000e+00
3.0002e+01	1.6471e+03	-1.8515e+01	1.0690e+03	0.0000e+00
4.0002e+01	1.6472e+03	1.5817e+02	9.5564e+02	0.0000e+00
5.0002e+01	1.6470e+03	7.4099e+01	1.0095e+03	0.0000e+00
6.0002e+01	1.6470e+03	-4.1628e+01	1.0838e+03	0.0000e+00
7.0002e+01	1.6470e+03	-9.6331e+01	1.1189e+03	0.0000e+00
8.0002e+01	1.6470e+03	-1.0123e+02	1.1220e+03	0.0000e+00
9.0002e+01	1.6471e+03	-9.3456e+01	1.1171e+03	0.0000e+00
1.0000e+02	1.6471e+03	-1.0271e+02	1.1230e+03	0.0000e+00
1.1000e+02	1.6471e+03	-1.8294e+02	1.1745e+03	0.0000e+00
1.2000e+02	1.6470e+03	-2.6764e+02	1.2288e+03	0.0000e+00
1.3000e+02	1.6471e+03	-2.8212e+02	1.2382e+03	0.0000e+00
1.4000e+02	1.6471e+03	-2.7675e+02	1.2347e+03	0.0000e+00
1.5000e+02	1.6471e+03	-2.8719e+02	1.2414e+03	0.0000e+00
1.6000e+02	1.6471e+03	-2.9373e+02	1.2456e+03	0.0000e+00
1.7000e+02	1.6471e+03	-2.9040e+02	1.2435e+03	0.0000e+00
1.8000e+02	1.6471e+03	-2.7911e+02	1.2362e+03	0.0000e+00
1.9000e+02	1.6471e+03	-2.6801e+02	1.2291e+03	0.0000e+00
2.0000e+02	1.6471e+03	-2.6181e+02	1.2251e+03	0.0000e+00
2.1000e+02	1.6471e+03	-2.5867e+02	1.2231e+03	0.0000e+00
2.2000e+02	1.6471e+03	-2.5529e+02	1.2210e+03	0.0000e+00
2.3000e+02	1.6471e+03	-2.5091e+02	1.2181e+03	0.0000e+00
2.4000e+02	1.6471e+03	-2.4526e+02	1.2145e+03	0.0000e+00
2.5000e+02	1.6471e+03	-2.3723e+02	1.2094e+03	0.0000e+00
2.6000e+02	1.6471e+03	-2.2636e+02	1.2024e+03	0.0000e+00
2.7000e+02	1.6471e+03	-2.1375e+02	1.1943e+03	0.0000e+00
2.8000e+02	1.6471e+03	-2.0187e+02	1.1867e+03	0.0000e+00
2.9000e+02	1.6471e+03	-1.9275e+02	1.1808e+03	0.0000e+00
3.0000e+02	1.6471e+03	-1.8629e+02	1.1767e+03	0.0000e+00
3.1000e+02	1.6471e+03	-1.8147e+02	1.1736e+03	0.0000e+00
3.2000e+02	1.6471e+03	-1.7716e+02	1.1708e+03	0.0000e+00
3.3000e+02	1.6471e+03	-1.7230e+02	1.1677e+03	0.0000e+00
3.4000e+02	1.6471e+03	-1.6661e+02	1.1640e+03	0.0000e+00
3.5000e+02	1.6471e+03	-1.6046e+02	1.1601e+03	0.0000e+00
3.6000e+02	1.6471e+03	-1.5438e+02	1.1562e+03	0.0000e+00
3.7000e+02	1.6471e+03	-1.4867e+02	1.1525e+03	0.0000e+00
3.8000e+02	1.6471e+03	-1.4325e+02	1.1490e+03	0.0000e+00
3.9000e+02	1.6471e+03	-1.3793e+02	1.1456e+03	0.0000e+00
4.0000e+02	1.6471e+03	-1.3253e+02	1.1422e+03	0.0000e+00
4.1000e+02	1.6471e+03	-1.2682e+02	1.1385e+03	7.3156e-01
4.2000e+02	1.6471e+03	-1.1669e+02	1.1320e+03	4.4517e+00
4.3000e+02	1.6471e+03	-1.0187e+02	1.1225e+03	7.7265e+00
4.4000e+02	1.6471e+03	-8.6205e+01	1.1124e+03	1.0231e+01
4.5000e+02	1.6471e+03	-7.4267e+01	1.1048e+03	1.1719e+01
4.6000e+02	1.6471e+03	-6.5828e+01	1.0994e+03	1.2681e+01
4.7000e+02	1.6471e+03	-5.9628e+01	1.0954e+03	1.3395e+01
4.8000e+02	1.6471e+03	-5.6421e+01	1.0933e+03	1.3638e+01
4.9000e+02	1.6471e+03	-5.6070e+01	1.0931e+03	1.3341e+01
5.0000e+02	1.6471e+03	-5.7490e+01	1.0940e+03	1.2594e+01
5.1000e+02	1.6471e+03	-5.8941e+01	1.0949e+03	1.1591e+01
5.2000e+02	1.6471e+03	-6.2512e+01	1.0972e+03	9.7355e+00
5.3000e+02	1.6471e+03	-6.7005e+01	1.1001e+03	6.9120e+00
5.4000e+02	1.6471e+03	-7.0529e+01	1.1024e+03	3.4001e+00
5.5000e+02	1.6471e+03	-7.3173e+01	1.1041e+03	0.0000e+00
5.6000e+02	1.6471e+03	-7.6720e+01	1.1063e+03	7.8363e-01
5.7000e+02	1.6471e+03	-7.8614e+01	1.1076e+03	2.2151e+00
5.8000e+02	1.6471e+03	-7.7187e+01	1.1066e+03	3.6223e+00
5.9000e+02	1.6471e+03	-7.0430e+01	1.1023e+03	6.1121e+00
6.0000e+02	1.6471e+03	-5.7295e+01	1.0939e+03	9.3498e+00
6.1000e+02	1.6471e+03	-3.9813e+01	1.0827e+03	1.2573e+01
6.2000e+02	1.6471e+03	-1.9686e+01	1.0697e+03	1.5576e+01
6.3000e+02	1.6471e+03	2.7819e+00	1.0553e+03	1.8391e+01
6.4000e+02	1.6471e+03	2.4297e+01	1.0415e+03	2.0712e+01
6.5000e+02	1.6471e+03	4.8915e+01	1.0257e+03	2.3094e+01
6.6000e+02	1.6471e+03	7.7454e+01	1.0074e+03	2.5601e+01
6.7000e+02	1.6471e+03	1.0329e+02	9.9081e+02	2.7672e+01
6.8000e+02	1.6471e+03	1.2605e+02	9.7620e+02	2.9374e+01
6.9000e+02	1.6471e+03	1.4578e+02	9.6355e+02	3.0766e+01
7.0000e+02	1.6471e+03	1.5359e+02	9.5853e+02	3.1243e+01
7.1000e+02	1.6471e+03	1.4547e+02	9.6374e+02	3.0532e+01
7.2000e+02	1.6471e+03	1.2145e+02	9.7916e+02	2.8537e+01
7.3000e+02	1.6471e+03	9.0688e+01	9.9889e+02	2.5817e+01
7.4000e+02	1.6471e+03	6.7204e+01	1.0140e+03	2.3617e+01
7.5000e+02	1.6471e+03	5.1128e+01	1.0243e+03	2.2122e+01
7.6000e+02	1.6471e+03	4.1119e+01	1.0307e+03	2.1165e+01
7.7000e+02	1.6471e+03	4.1833e+01	1.0302e+03	2.1167e+01
7.8000e+02	1.6471e+03	5.0563e+01	1.0247e+03	2.1902e+01
7.9000e+02	1.6471e+03	6.0572e+01	1.0182e+03	2.2889e+01
8.0000e+02	1.6471e+03	6.7243e+01	1.0139e+03	2.3716e+01
8.1000e+02	1.6471e+03	7.3964e+01	1.0096e+03	2.4287e+01
8.2000e+02	1.6471e+03	8.8255e+01	1.0005e+03	2.4824e+01
8.3000e+02	1.6471e+03	9.3222e+01	9.9728e+02	2.4850e+01
8.4000e+02	1.6471e+03	7.3961e+01	1.0096e+03	2.3766e+01
8.5000e+02	1.6471e+03	5.2952e+01	1.0231e+03	2.1656e+01
8.6000e+02	1.6471e+03	4.3758e+01	1.0290e+03	1.9600e+01
8.7000e+02	1.6471e+03	4.7994e+01	1.0263e+03	1.8214e+01
8.8000e+02	1.6471e+03	5.0773e+01	1.0245e+03	1.7655e+01
8.9000e+02	1.6471e+03	4.5204e+01	1.0281e+03	1.8165e+01
9.0000e+02	1.6471e+03	4.5995e+01	1.0276e+03	1.9589e+01
9.1000e+02	1.6471e+03	5.4760e+01	1.0220e+03	2.0977e+01
9.2000e+02	1.6471e+03	5.5587e+01	1.0214e+03	2.1479e+01
9.3000e+02	1.6471e+03	4.7668e+01	1.0265e+03	2.0943e+01
9.4000e+02	1.6471e+03	3.7548e+01	1.0330e+03	2.0054e+01
9.5000e+02	1.6471e+03	3.4968e+01	1.0347e+03	1.9174e+01
9.6000e+02	1.6471e+03	4.5336e+01	1.0280e+03	1.8085e+01
9.7000e+02	1.6471e+03	2.6503e+01	1.0401e+03	1.7156e+01
9.8000e+02	1.6471e+03	1.2822e+01	1.0489e+03	1.6427e+01
9.9000e+02	1.6471e+03	2.7999e+01	1.0391e+03	1.5618e+01
1.0000e+03	1.6471e+03	6.1547e+01	1.0176e+03	1.4983e+01
1.0100e+03	1.6471e+03	4.9430e+01	1.0254e+03	1.4837e+01
1.0200e+03	1.6471e+03	2.4541e+01	1.0413e+03	1.5218e+01
1.0300e+03	1.6471e+03	2.7421e+01	1.0395e+03	1.6083e+01
1.0400e+03	1.6471e+03	4.5761e+01	1.0277e+03	1.6529e+01
1.0500e+03	1.6471e+03	7.0475e+01	1.0119e+03	1.6335e+01
1.0600e+03	1.6471e+03	5.5423e+01	1.0215e+03	1.5805e+01
1.0700e+03	1.6471e+03	2.2379e+01	1.0427e+03	1.5052e+01
1.0800e+03	1.6471e+03	3.5176e+00	1.0548e+03	1.4485e+01
1.0900e+03	1.6471e+03	-3.9465e+00	1.0596e+03	1.4047e+01
1.1000e+03	1.6471e+03	-6.0649e+00	1.0610e+03	1.3875e+01
1.1100e+03	1.6471e+03	-3.2699e+00	1.0592e+03	1.4396e+01
1.1200e+03	1.6471e+03	1.2766e+00	1.0563e+03	1.5408e+01
1.1300e+03	1.6471e+03	4.0530e+00	1.0545e+03	1.6291e+01
1.1400e+03	1.6471e+03	4.4901e+00	1.0542e+03	1.6638e+01
1.1500e+03	1.6471e+03	1.6603e+00	1.0560e+03	1.6215e+01
1.1600e+03	1.6471e+03	-4.5566e+00	1.0600e+03	1.4948e+01
1.1700e+03	1.6471e+03	-8.2798e+00	1.0624e+03	1.3468e+01
1.1800e+03	1.6471e+03	-4.2837e+00	1.0598e+03	1.2227e+01
1.1900e+03	1.6471e+03	8.6246e+00	1.0516e+03	1.2168e+01
1.2000e+03	1.6471e+03	1.6578e+01	1.0465e+03	1.3707e+01
1.2100e+03	1.6471e+03	3.6794e+01	1.0335e+03	1.5675e+01
1.2200e+03	1.6471e+03	6.5053e+01	1.0154e+03	1.7245e+01
1.2300e+03	1.6471e+03	5.0763e+01	1.0245e+03	1.7745e+01
1.2400e+03	1.6471e+03	3.7817e+01	1.0328e+03	1.7031e+01
1.2500e+03	1.6471e+03	3.2704e+01	1.0361e+03	1.5283e+01
1.2600e+03	1.6471e+03	1.2462e+01	1.0491e+03	1.3065e+01
1.2700e+03	1.6471e+03	-1.0751e+01	1.0640e+03	1.1311e+01
1.2800e+03	1.6471e+03	-2.1982e+01	1.0712e+03	1.1004e+01
1.2900e+03	1.6471e+03	-2.1142e+01	1.0707e+03	1.1979e+01
1.3000e+03	1.6471e+03	-1.8410e+01	1.0689e+03	1.2820e+01
1.3100e+03	1.6471e+03	-1.9292e+01	1.0695e+03	1.2869e+01
1.3200e+03	1.6471e+03	-2.5154e+01	1.0732e+03	1.2054e+01
1.3300e+03	1.6471e+03	-3.3157e+01	1.0784e+03	1.0638e+01
1.3400e+03	1.6471e+03	-3.5760e+01	1.0800e+03	9.0659e+00
1.3500e+03	1.6471e+03	-1.4787e+01	1.0666e+03	8.6278e+00
1.3600e+03	1.6471e+03	1.3168e+01	1.0487e+03	9.7276e+00
1.3700e+03	1.6471e+03	2.0391e+01	1.0440e+03	1.1253e+01
1.3800e+03	1.6471e+03	2.1726e+01	1.0432e+03	1.2377e+01
1.3900e+03	1.6471e+03	-4.2038e+00	1.0598e+03	1.2734e+01
1.4000e+03	1.6471e+03	-1.9362e+01	1.0695e+03	1.2555e+01
1.4100e+03	1.6471e+03	-1.9567e+01	1.0697e+03	1.2031e+01
1.4200e+03	1.6471e+03	-1.3937e+01	1.0660e+03	1.1088e+01
1.4300e+03	1.6471e+03	-1.1712e+01	1.0646e+03	9.8594e+00
1.4400e+03	1.6471e+03	-1.1318e+01	1.0644e+03	8.9487e+00
1.4500e+03	1.6471e+03	-1.2929e+01	1.0654e+03	8.4782e+00
1.4600e+03	1.6471e+03	-2.0496e+01	1.0703e+03	8.4752e+00
1.4700e+03	1.6471e+03	-2.6815e+01	1.0743e+03	8.5864e+00
1.4800e+03	1.6471e+03	-2.5732e+01	1.0736e+03	8.5816e+00
1.4900e+03	1.6471e+03	-1.3263e+01	1.0656e+03	8.4530e+00
1.5000e+03	1.6471e+03	-3.0113e+01	1.0764e+03	7.9971e+00
1.5100e+03	1.6471e+03	-5.0179e+01	1.0893e+03	7.2898e+00
1.5200e+03	1.6471e+03	-5.4940e+01	1.0924e+03	6.5932e+00
1.5300e+03	1.6471e+03	-5.2120e+01	1.0906e+03	6.2164e+00
1.5400e+03	1.6471e+03	-4.4141e+01	1.0854e+03	6.3636e+00
1.5500e+03	1.6471e+03	-3.2300e+01	1.0778e+03	6.9311e+00
1.5600e+03	1.6471e+03	-2.2246e+01	1.0714e+03	7.3131e+00
1.5700e+03	1.6471e+03	-1.4110e+01	1.0661e+03	7.6523e+00
1.5800e+03	1.6471e+03	1.4588e+01	1.0477e+03	8.1027e+00
1.5900e+03	1.6471e+03	2.2865e+01	1.0424e+03	8.4590e+00
1.6000e+03	1.6471e+03	-1.5154e+01	1.0668e+03	8.4142e+00
1.6100e+03	1.6471e+03	-2.9770e+01	1.0762e+03	7.8306e+00
1.6200e+03	1.6471e+03	-2.4460e+01	1.0728e+03	7.3398e+00
1.6300e+03	1.6471e+03	-2.7996e+00	1.0589e+03	7.3122e+00
1.6400e+03	1.6471e+03	-1.4536e+01	1.0664e+03	7.4185e+00
1.6500e+03	1.6471e+03	-3.6969e+01	1.0808e+03	7.3606e+00
1.6600e+03	1.6471e+03	-4.0546e+01	1.0831e+03	7.1550e+00
1.6700e+03	1.6471e+03	-3.5401e+01	1.0798e+03	6.6538e+00
1.6800e+03	1.6471e+03	-3.7904e+01	1.0814e+03	5.7451e+00
1.6900e+03	1.6471e+03	-4.3987e+01	1.0853e+03	4.9903e+00
1.7000e+03	1.6471e+03	-4.4625e+01	1.0857e+03	4.9254e+00
1.7100e+03	1.6471e+03	-3.4876e+01	1.0795e+03	5.5259e+00
1.7200e+03	1.6471e+03	-4.5229e+00	1.0600e+03	5.9617e+00
1.7300e+03	1.6471e+03	-4.8002e+00	1.0602e+03	6.3784e+00
1.7400e+03	1.6471e+03	-3.8592e+01	1.0819e+03	6.7004e+00
1.7500e+03	1.6471e+03	-4.7476e+01	1.0876e+03	6.8275e+00
1.7600e+03	1.6471e+03	-4.0409e+01	1.0830e+03	6.8188e+00
1.7700e+03	1.6471e+03	-2.1976e+01	1.0712e+03	7.4811e+00
1.7800e+03	1.6471e+03	-2.3832e+01	1.0724e+03	8.6251e+00
1.7900e+03	1.6471e+03	-3.5342e+01	1.0798e+03	9.5687e+00
1.8000e+03	1.6471e+03	-2.9947e+01	1.0763e+03	1.0005e+01
1.8100e+03	1.6471e+03	-1.1868e+01	1.0647e+03	9.8396e+00
1.8200e+03	1.6471e+03	4.7643e+00	1.0540e+03	9.0616e+00
1.8300e+03	1.6471e+03	-3.6448e+00	1.0594e+03	7.7525e+00
1.8400e+03	1.6471e+03	-1.6914e+01	1.0679e+03	6.2311e+00
1.8500e+03	1.6471e+03	-1.3664e+01	1.0659e+03	5.3051e+00
1.8600e+03	1.6471e+03	-3.6106e+00	1.0594e+03	5.9119e+00
1.8700e+03	1.6471e+03	-1.1964e+01	1.0648e+03	6.7809e+00
1.8800e+03	1.6471e+03	-4.0270e+01	1.0829e+03	7.6057e+00
1.8900e+03	1.6471e+03	-5.4715e+01	1.0922e+03	8.1854e+00
1.9000e+03	1.6471e+03	-6.1534e+01	1.0966e+03	8.3601e+00
1.9100e+03	1.6471e+03	-6.0516e+01	1.0959e+03	8.1203e+00
1.9200e+03	1.6471e+03	-4.6232e+01	1.0868e+03	8.0887e+00
1.9300e+03	1.6471e+03	-2.0706e+01	1.0704e+03	8.9422e+00
1.9400e+03	1.6471e+03	3.2833e+00	1.0550e+03	1.0351e+01
1.9500e+03	1.6471e+03	-6.5311e+00	1.0613e+03	1.1804e+01
1.9600e+03	1.6471e+03	-2.3297e+01	1.0720e+03	1.3360e+01
1.9700e+03	1.6471e+03	-2.6118e+01	1.0739e+03	1.4463e+01
1.9800e+03	1.6471e+03	-2.1225e+01	1.0707e+03	1.4727e+01
1.9900e+03	1.6471e+03	-1.3419e+01	1.0657e+03	1.4091e+01
2.0000e+03	1.6471e+03	-9.9709e+00	1.0635e+03	1.2696e+01
2.0100e+03	1.6471e+03	-1.0899e+01	1.0641e+03	1.0912e+01
2.0200e+03	1.6471e+03	-1.0666e+01	1.0639e+03	8.9733e+00
2.0300e+03	1.6471e+03	-8.4947e+00	1.0625e+03	7.2596e+00
2.0400e+03	1.6471e+03	-1.0188e+01	1.0636e+03	6.7641e+00
2.0500e+03	1.6471e+03	-1.2243e+01	1.0649e+03	7.5582e+00
2.0600e+03	1.6471e+03	-2.0086e+01	1.0700e+03	8.2144e+00
2.0700e+03	1.6471e+03	-3.8103e+01	1.0815e+03	8.5676e+00
2.0800e+03	1.6471e+03	-3.7959e+01	1.0815e+03	8.3658e+00
2.0900e+03	1.6471e+03	-3.5258e+01	1.0797e+03	7.5939e+00
2.1000e+03	1.6471e+03	-3.3316e+01	1.0785e+03	6.4131e+00
2.1100e+03	1.6471e+03	-2.9636e+01	1.0761e+03	5.1049e+00
2.1200e+03	1.6471e+03	-3.7257e+01	1.0810e+03	4.0454e+00
2.1300e+03	1.6471e+03	-4.1783e+01	1.0839e+03	3.3527e+00
2.1400e+03	1.6471e+03	-4.0503e+01	1.0831e+03	3.7648e+00
2.1500e+03	1.6471e+03	-4.4293e+01	1.0855e+03	5.1337e+00
2.1600e+03	1.6471e+03	-4.2292e+01	1.0842e+03	6.4184e+00
2.1700e+03	1.6471e+03	-2.1373e+01	1.0708e+03	7.1377e+00
2.1800e+03	1.6471e+03	-1.4659e+01	1.0665e+03	7.1987e+00
2.1900e+03	1.6471e+03	-1.6963e+01	1.0680e+03	6.5915e+00
2.2000e+03	1.6471e+03	-1.4940e+00	1.0581e+03	5.3846e+00
2.2100e+03	1.6471e+03	9.1287e+00	1.0512e+03	4.0123e+00
2.2200e+03	1.6471e+03	9.0636e+00	1.0513e+03	4.1532e+00
2.2300e+03	1.6471e+03	-1.7985e+01	1.0686e+03	5.5431e+00
2.2400e+03	1.6471e+03	-3.6204e+01	1.0803e+03	7.0350e+00
2.2500e+03	1.6471e+03	-3.7361e+01	1.0811e+03	8.5335e+00
2.2600e+03	1.6471e+03	-3.4703e+01	1.0794e+03	9.7409e+00
2.2700e+03	1.6471e+03	-3.1750e+01	1.0775e+03	1.0577e+01
2.2800e+03	1.6471e+03	-2.8029e+01	1.0751e+03	1.0833e+01
2.2900e+03	1.6471e+03	-2.0407e+01	1.0702e+03	1.0701e+01
2.3000e+03	1.6471e+03	-4.9735e+00	1.0603e+03	1.1865e+01
2.3100e+03	1.6471e+03	9.1760e+00	1.0512e+03	1.3854e+01
2.3200e+03	1.6471e+03	2.1259e+01	1.0434e+03	1.5511e+01
2.3300e+03	1.6471e+03	3.1401e+01	1.0370e+03	1.6347e+01
2.3400e+03	1.6471e+03	1.9312e+01	1.0447e+03	1.6044e+01
2.3500e+03	1.6471e+03	-5.0295e+00	1.0603e+03	1.4390e+01
2.3600e+03	1.6471e+03	-2.3445e+01	1.0721e+03	1.1701e+01
2.3700e+03	1.6471e+03	-3.2154e+01	1.0777e+03	8.4172e+00
2.3800e+03	1.6471e+03	-3.1803e+01	1.0775e+03	6.0149e+00
2.3900e+03	1.6471e+03	-2.5188e+01	1.0733e+03	7.8289e+00
2.4000e+03	1.6471e+03	-1.8743e+01	1.0691e+03	1.0557e+01
2.4100e+03	1.6471e+03	-1.0989e+01	1.0642e+03	1.2764e+01
2.4200e+03	1.6471e+03	-3.4277e+00	1.0593e+03	1.4026e+01
2.4300e+03	1.6471e+03	5.0511e+00	1.0539e+03	1.4451e+01
2.4400e+03	1.6471e+03	1.3639e+01	1.0483e+03	1.4226e+01
2.4500e+03	1.6471e+03	6.9448e+00	1.0526e+03	1.3406e+01
2.4600e+03	1.6471e+03	-9.0577e+00	1.0629e+03	1.2154e+01
2.4700e+03	1.6471e+03	-2.1513e+01	1.0709e+03	1.0900e+01
2.4800e+03	1.6471e+03	-2.5363e+01	1.0734e+03	1.0130e+01
2.4900e+03	1.6471e+03	-2.0627e+01	1.0703e+03	9.1814e+00
2.5000e+03	1.6471e+03	-1.9626e+01	1.0697e+03	7.7355e+00
2.5100e+03	1.6471e+03	-2.9064e+01	1.0757e+03	6.7521e+00
2.5200e+03	1.6471e+03	-2.6598e+01	1.0742e+03	7.7442e+00
2.5300e+03	1.6471e+03	-1.1623e+01	1.0646e+03	9.4172e+00
2.5400e+03	1.6471e+03	-1.1753e+00	1.0579e+03	1.0733e+01
2.5500e+03	1.6471e+03	2.9522e+00	1.0552e+03	1.2279e+01
2.5600e+03	1.6471e+03	1.8155e+01	1.0454e+03	1.4621e+01
2.5700e+03	1.6471e+03	4.0656e+01	1.0310e+03	1.7698e+01
2.5800e+03	1.6471e+03	5.2547e+01	1.0234e+03	2.0695e+01
2.5900e+03	1.6471e+03	6.4901e+01	1.0154e+03	2.2863e+01
2.6000e+03	1.6471e+03	7.9855e+01	1.0058e+03	2.4370e+01
2.6100e+03	1.6471e+03	8.9006e+01	9.9998e+02	2.5004e+01
2.6200e+03	1.6471e+03	8.7963e+01	1.0006e+03	2.4335e+01
2.6300e+03	1.6471e+03	8.3517e+01	1.0035e+03	2.2540e+01
2.6400e+03	1.6471e+03	7.7685e+01	1.0072e+03	2.0355e+01
2.6500e+03	1.6471e+03	5.5000e+01	1.0218e+03	1.8248e+01
2.6600e+03	1.6471e+03	2.6119e+01	1.0403e+03	1.6230e+01
2.6700e+03	1.6471e+03	4.4643e+00	1.0542e+03	1.4303e+01
2.6800e+03	1.6471e+03	-9.2959e+00	1.0631e+03	1.2693e+01
2.6900e+03	1.6471e+03	-9.4145e+00	1.0631e+03	1.2025e+01
2.7000e+03	1.6471e+03	5.0475e+00	1.0539e+03	1.1687e+01
2.7100e+03	1.6471e+03	8.1621e+00	1.0519e+03	1.0972e+01
2.7200e+03	1.6471e+03	6.4067e+00	1.0530e+03	1.0104e+01
2.7300e+03	1.6471e+03	-8.2929e+00	1.0624e+03	9.4709e+00
2.7400e+03	1.6471e+03	-2.7137e+01	1.0745e+03	8.6880e+00
2.7500e+03	1.6471e+03	-3.5009e+01	1.0796e+03	7.5405e+00
2.7600e+03	1.6471e+03	-3.6903e+01	1.0808e+03	6.2139e+00
2.7700e+03	1.6471e+03	-3.3376e+01	1.0785e+03	4.7230e+00
2.7800e+03	1.6471e+03	-2.7376e+01	1.0747e+03	3.8811e+00
2.7900e+03	1.6471e+03	-2.4086e+01	1.0726e+03	3.9456e+00
2.8000e+03	1.6471e+03	-3.2366e+01	1.0779e+03	4.9171e+00
2.8100e+03	1.6471e+03	-4.0741e+01	1.0832e+03	6.4609e+00
2.8200e+03	1.6471e+03	-3.1753e+01	1.0775e+03	7.9165e+00
2.8300e+03	1.6471e+03	-1.1365e+01	1.0644e+03	8.8096e+00
2.8400e+03	1.6471e+03	-1.5432e+00	1.0581e+03	9.1681e+00
2.8500e+03	1.6471e+03	-4.2756e+00	1.0598e+03	9.5993e+00
2.8600e+03	1.6471e+03	-8.4860e+00	1.0625e+03	9.9776e+00
2.8700e+03	1.6471e+03	-1.5924e+01	1.0673e+03	1.0149e+01
2.8800e+03	1.6471e+03	-2.4174e+01	1.0726e+03	1.0634e+01
2.8900e+03	1.6471e+03	-2.4522e+01	1.0728e+03	1.2040e+01
2.9000e+03	1.6471e+03	-1.0923e+01	1.0641e+03	1.4763e+01
2.9100e+03	1.6471e+03	1.1968e+01	1.0494e+03	1.7805e+01
2.9200e+03	1.6471e+03	3.5065e+01	1.0346e+03	2.0227e+01
2.9300e+03	1.6471e+03	5.2376e+01	1.0235e+03	2.1712e+01
2.9400e+03	1.6471e+03	5.8945e+01	1.0193e+03	2.1852e+01
2.9500e+03	1.6471e+03	5.2118e+01	1.0237e+03	2.0371e+01
2.9600e+03	1.6471e+03	3.8352e+01	1.0325e+03	1.7968e+01
2.9700e+03	1.6471e+03	2.9477e+01	1.0382e+03	1.5501e+01
2.9800e+03	1.6471e+03	3.4719e+01	1.0348e+03	1.3650e+01
2.9900e+03	1.6471e+03	2.4068e+01	1.0417e+03	1.2792e+01
3.0000e+03	1.6471e+03	-1.0929e+00	1.0578e+03	1.2083e+01
3.0100e+03	1.6471e+03	-1.7277e+01	1.0682e+03	1.1359e+01
3.0200e+03	1.6471e+03	-2.1811e+01	1.0711e+03	1.1293e+01
3.0300e+03	1.6471e+03	-1.8744e+01	1.0691e+03	1.2021e+01
3.0400e+03	1.6471e+03	-1.1794e+01	1.0647e+03	1.3113e+01
3.0500e+03	1.6471e+03	-2.9148e-01	1.0573e+03	1.4071e+01
3.0600e+03	1.6471e+03	1.8327e+01	1.0453e+03	1.4245e+01
3.0700e+03	1.6471e+03	1.9109e+01	1.0448e+03	1.3504e+01
3.0800e+03	1.6471e+03	7.6327e-01	1.0566e+03	1.1984e+01
3.0900e+03	1.6471e+03	-9.1057e+00	1.0629e+03	9.9028e+00
3.1000e+03	1.6471e+03	-1.9683e+01	1.0697e+03	8.0811e+00
3.1100e+03	1.6471e+03	-3.0083e+01	1.0764e+03	7.4412e+00
3.1200e+03	1.6471e+03	-3.4328e+01	1.0791e+03	7.3842e+00
3.1300e+03	1.6471e+03	-3.2161e+01	1.0777e+03	8.1342e+00
3.1400e+03	1.6471e+03	-2.4299e+01	1.0727e+03	9.8901e+00
3.1500e+03	1.6471e+03	-1.4396e+01	1.0663e+03	1.1819e+01
3.1600e+03	1.6471e+03	-7.2324e+00	1.0617e+03	1.3155e+01
3.1700e+03	1.6471e+03	1.2753e+00	1.0563e+03	1.4152e+01
3.1800e+03	1.6471e+03	1.6346e+01	1.0466e+03	1.4875e+01
3.1900e+03	1.6471e+03	3.3802e+01	1.0354e+03	1.5557e+01
3.2000e+03	1.6471e+03	3.7339e+01	1.0331e+03	1.6201e+01
3.2100e+03	1.6471e+03	2.9070e+01	1.0384e+03	1.6749e+01
3.2200e+03	1.6471e+03	2.2362e+01	1.0428e+03	1.7086e+01
3.2300e+03	1.6471e+03	1.9388e+01	1.0447e+03	1.6908e+01
3.2400e+03	1.6471e+03	1.8136e+01	1.0455e+03	1.6147e+01
3.2500e+03	1.6471e+03	1.8019e+01	1.0455e+03	1.5036e+01
3.2600e+03	1.6471e+03	1.7599e+01	1.0458e+03	1.3831e+01
3.2700e+03	1.6471e+03	1.5432e+01	1.0472e+03	1.2474e+01
3.2800e+03	1.6471e+03	1.6617e+01	1.0464e+03	1.1543e+01
3.2900e+03	1.6471e+03	1.7028e+01	1.0462e+03	1.1370e+01
3.3000e+03	1.6471e+03	9.1095e+00	1.0513e+03	1.1276e+01
3.3100e+03	1.6471e+03	-6.2139e-01	1.0575e+03	1.0968e+01
3.3200e+03	1.6471e+03	-1.0539e+01	1.0639e+03	1.0401e+01
3.3300e+03	1.6471e+03	-1.9100e+01	1.0694e+03	9.4768e+00
3.3400e+03	1.6471e+03	-2.5573e+01	1.0735e+03	8.4043e+00
3.3500e+03	1.6471e+03	-2.9361e+01	1.0759e+03	7.4073e+00
3.3600e+03	1.6471e+03	-1.6335e+01	1.0676e+03	7.4714e+00
3.3700e+03	1.6471e+03	1.4297e+01	1.0479e+03	9.2586e+00
3.3800e+03	1.6471e+03	1.9843e+01	1.0444e+03	1.1324e+01
3.3900e+03	1.6471e+03	1.2151e+01	1.0493e+03	1.3013e+01
3.4000e+03	1.6471e+03	3.6551e+00	1.0548e+03	1.3955e+01
3.4100e+03	1.6471e+03	-2.4879e+00	1.0587e+03	1.4003e+01
3.4200e+03	1.6471e+03	-7.5237e+00	1.0619e+03	1.3467e+01
3.4300e+03	1.6471e+03	-1.3141e+01	1.0655e+03	1.2605e+01
3.4400e+03	1.6471e+03	-1.8584e+01	1.0690e+03	1.1568e+01
3.4500e+03	1.6471e+03	-1.7042e+01	1.0680e+03	1.1182e+01
3.4600e+03	1.6471e+03	-1.2141e+00	1.0579e+03	1.1353e+01
3.4700e+03	1.6471e+03	2.4887e+01	1.0411e+03	1.1296e+01
3.4800e+03	1.6471e+03	1.7935e+01	1.0456e+03	1.0772e+01
3.4900e+03	1.6471e+03	3.9707e+00	1.0545e+03	9.9412e+00
3.5000e+03	1.6471e+03	3.9181e+00	1.0546e+03	9.3248e+00
3.5100e+03	1.6471e+03	1.0171e+00	1.0565e+03	9.3099e+00
3.5200e+03	1.6471e+03	4.6176e+00	1.0541e+03	9.6577e+00
3.5300e+03	1.6471e+03	2.4473e+01	1.0414e+03	1.0470e+01
3.5400e+03	1.6471e+03	1.9161e+01	1.0448e+03	1.1279e+01
3.5500e+03	1.6471e+03	9.6779e+00	1.0509e+03	1.1388e+01
3.5600e+03	1.6471e+03	-5.0693e+00	1.0604e+03	1.0718e+01
3.5700e+03	1.6471e+03	-1.4354e+01	1.0663e+03	9.4445e+00
3.5800e+03	1.6471e+03	-1.2567e+01	1.0652e+03	7.8741e+00
3.5900e+03	1.6471e+03	-5.9022e+00	1.0609e+03	6.2890e+00
3.6000e+03	1.6471e+03	8.7064e-01	1.0565e+03	4.5760e+00
3.6100e+03	1.6471e+03	-1.7870e+00	1.0583e+03	4.1125e+00
3.6200e+03	1.6471e+03	-1.3402e+01	1.0657e+03	5.1953e+00
3.6300e+03	1.6471e+03	-2.3874e+01	1.0724e+03	7.2492e+00
3.6400e+03	1.6471e+03	-2.2885e+01	1.0718e+03	9.3327e+00
3.6500e+03	1.6471e+03	-1.7629e+01	1.0684e+03	1.0843e+01
3.6600e+03	1.6471e+03	-1.2050e+01	1.0648e+03	1.1633e+01
3.6700e+03	1.6471e+03	1.5907e+00	1.0561e+03	1.2018e+01
3.6800e+03	1.6471e+03	9.0420e+00	1.0513e+03	1.2492e+01
3.6900e+03	1.6471e+03	3.7489e+00	1.0547e+03	1.3193e+01
3.7000e+03	1.6471e+03	4.2691e+00	1.0544e+03	1.4167e+01
3.7100e+03	1.6471e+03	6.0288e+00	1.0532e+03	1.5256e+01
3.7200e+03	1.6471e+03	7.2600e+00	1.0524e+03	1.5998e+01
3.7300e+03	1.6471e+03	4.1109e+00	1.0545e+03	1.5786e+01
3.7400e+03	1.6471e+03	-5.2257e+00	1.0605e+03	1.4580e+01
3.7500e+03	1.6471e+03	-1.6119e+01	1.0674e+03	1.2635e+01
3.7600e+03	1.6471e+03	-2.1798e+01	1.0711e+03	1.0404e+01
3.7700e+03	1.6471e+03	-2.0229e+01	1.0701e+03	8.0540e+00
3.7800e+03	1.6471e+03	-1.4379e+01	1.0663e+03	6.3925e+00
3.7900e+03	1.6471e+03	-1.0939e+01	1.0641e+03	6.9551e+00
3.8000e+03	1.6471e+03	-9.3741e+00	1.0631e+03	8.5975e+00
3.8100e+03	1.6471e+03	-9.7749e+00	1.0634e+03	9.9706e+00
3.8200e+03	1.6471e+03	-1.3334e+01	1.0657e+03	1.0676e+01
3.8300e+03	1.6471e+03	-1.9811e+01	1.0698e+03	1.0458e+01
3.8400e+03	1.6471e+03	-2.4131e+01	1.0726e+03	9.8316e+00
3.8500e+03	1.6471e+03	-2.2707e+01	1.0717e+03	9.1123e+00
3.8600e+03	1.6471e+03	-1.5825e+01	1.0673e+03	8.6378e+00
3.8700e+03	1.6471e+03	-1.0268e+01	1.0637e+03	8.6644e+00
3.8800e+03	1.6471e+03	-1.6610e+01	1.0678e+03	8.7698e+00
3.8900e+03	1.6471e+03	-2.5081e+01	1.0732e+03	8.3237e+00
3.9000e+03	1.6471e+03	-2.8800e+01	1.0756e+03	7.7349e+00
3.9100e+03	1.6471e+03	-3.2912e+01	1.0782e+03	7.3763e+00
3.9200e+03	1.6471e+03	-3.4000e+01	1.0789e+03	7.5754e+00
3.9300e+03	1.6471e+03	-3.0414e+01	1.0766e+03	8.1285e+00
3.9400e+03	1.6471e+03	-2.6487e+01	1.0741e+03	8.1788e+00
3.9500e+03	1.6471e+03	-2.3777e+01	1.0724e+03	7.5870e+00
3.9600e+03	1.6471e+03	-1.9500e+01	1.0696e+03	6.3971e+00
3.9700e+03	1.6471e+03	-8.6739e+00	1.0627e+03	4.6996e+00
3.9800e+03	1.6471e+03	-1.6875e+01	1.0679e+03	2.8664e+00
3.9900e+03	1.6471e+03	-2.5173e+01	1.0732e+03	2.3348e+00
4.0000e+03	1.6471e+03	-1.2686e+01	1.0652e+03	3.3578e+00
4.0100e+03	1.6471e+03	5.3776e+00	1.0537e+03	4.6436e+00
4.0200e+03	1.6471e+03	-4.4238e+00	1.0599e+03	5.5006e+00
4.0300e+03	1.6471e+03	-2.2233e+01	1.0714e+03	6.1167e+00
4.0400e+03	1.6471e+03	-3.0449e+01	1.0766e+03	7.1612e+00
4.0500e+03	1.6471e+03	-2.5799e+01	1.0737e+03	8.7467e+00
4.0600e+03	1.6471e+03	-7.0192e+00	1.0616e+03	1.1127e+01
4.0700e+03	1.6471e+03	1.2444e+01	1.0491e+03	1.3826e+01
4.0800e+03	1.6471e+03	2.8865e+01	1.0386e+03	1.6541e+01
4.0900e+03	1.6471e+03	5.1602e+01	1.0240e+03	1.8357e+01
4.1000e+03	1.6471e+03	5.6440e+01	1.0209e+03	1.8813e+01
4.1100e+03	1.6471e+03	3.8495e+01	1.0324e+03	1.7834e+01
4.1200e+03	1.6471e+03	2.1130e+01	1.0435e+03	1.5590e+01
4.1300e+03	1.6471e+03	4.3844e+00	1.0543e+03	1.2407e+01
4.1400e+03	1.6471e+03	-1.1953e+01	1.0648e+03	8.8701e+00
4.1500e+03	1.6471e+03	-1.9183e+01	1.0694e+03	7.8668e+00
4.1600e+03	1.6471e+03	-1.5620e+01	1.0671e+03	1.0283e+01
4.1700e+03	1.6471e+03	-1.5377e+00	1.0581e+03	1.3784e+01
4.1800e+03	1.6471e+03	1.3659e+01	1.0483e+03	1.6438e+01
4.1900e+03	1.6471e+03	2.3004e+01	1.0423e+03	1.7868e+01
4.2000e+03	1.6471e+03	2.1889e+01	1.0431e+03	1.7856e+01
4.2100e+03	1.6471e+03	1.0879e+01	1.0501e+03	1.6402e+01
4.2200e+03	1.6471e+03	-5.6370e+00	1.0607e+03	1.3744e+01
4.2300e+03	1.6471e+03	-2.3652e+01	1.0723e+03	1.0437e+01
4.2400e+03	1.6471e+03	-3.7722e+01	1.0813e+03	7.6464e+00
4.2500e+03	1.6471e+03	-4.5424e+01	1.0863e+03	5.6506e+00
4.2600e+03	1.6471e+03	-4.4575e+01	1.0857e+03	4.9655e+00
4.2700e+03	1.6471e+03	-3.0515e+01	1.0767e+03	5.2371e+00
4.2800e+03	1.6471e+03	-1.2376e+01	1.0651e+03	5.4773e+00
4.2900e+03	1.6471e+03	-2.3443e+01	1.0721e+03	5.2320e+00
4.3000e+03	1.6471e+03	-3.2433e+01	1.0779e+03	4.5085e+00
4.3100e+03	1.6471e+03	-3.3982e+01	1.0789e+03	3.5526e+00
4.3200e+03	1.6471e+03	-3.1882e+01	1.0776e+03	2.7111e+00
4.3300e+03	1.6471e+03	-3.2899e+01	1.0782e+03	2.5152e+00
4.3400e+03	1.6471e+03	-4.1254e+01	1.0836e+03	2.7992e+00
4.3500e+03	1.6471e+03	-4.8979e+01	1.0885e+03	2.8189e+00
4.3600e+03	1.6471e+03	-4.7514e+01	1.0876e+03	4.0355e+00
4.3700e+03	1.6471e+03	-3.1711e+01	1.0775e+03	8.0123e+00
4.3800e+03	1.6471e+03	-1.0824e+01	1.0641e+03	1.2389e+01
4.3900e+03	1.6471e+03	6.7246e+00	1.0528e+03	1.5837e+01
4.4000e+03	1.6471e+03	2.1538e+01	1.0433e+03	1.7851e+01
4.4100e+03	1.6471e+03	2.8682e+01	1.0387e+03	1.8283e+01
4.4200e+03	1.6471e+03	2.6262e+01	1.0403e+03	1.7528e+01
4.4300e+03	1.6471e+03	1.9948e+01	1.0443e+03	1.5909e+01
4.4400e+03	1.6471e+03	1.6706e+01	1.0464e+03	1.4043e+01
4.4500e+03	1.6471e+03	9.7494e+00	1.0508e+03	1.2860e+01
4.4600e+03	1.6471e+03	1.4658e-01	1.0570e+03	1.2801e+01
4.4700e+03	1.6471e+03	-8.5540e+00	1.0626e+03	1.2658e+01
4.4800e+03	1.6471e+03	-1.7372e+01	1.0683e+03	1.1757e+01
4.4900e+03	1.6471e+03	-2.1510e+01	1.0709e+03	1.0509e+01
4.5000e+03	1.6471e+03	-1.6716e+01	1.0678e+03	9.6716e+00
4.5100e+03	1.6471e+03	-2.5183e-01	1.0573e+03	1.0080e+01
4.5200e+03	1.6471e+03	2.1000e+01	1.0436e+03	1.1041e+01
4.5300e+03	1.6471e+03	2.6691e+01	1.0400e+03	1.2199e+01
4.5400e+03	1.6471e+03	2.3629e+01	1.0419e+03	1.3830e+01
4.5500e+03	1.6471e+03	2.3604e+01	1.0420e+03	1.5516e+01
4.5600e+03	1.6471e+03	2.5142e+01	1.0410e+03	1.7260e+01
4.5700e+03	1.6471e+03	2.7243e+01	1.0396e+03	1.8701e+01
4.5800e+03	1.6471e+03	3.0439e+01	1.0376e+03	1.9486e+01
4.5900e+03	1.6471e+03	3.2360e+01	1.0363e+03	1.9338e+01
4.6000e+03	1.6471e+03	2.8571e+01	1.0388e+03	1.8139e+01
4.6100e+03	1.6471e+03	1.5543e+01	1.0471e+03	1.5866e+01
4.6200e+03	1.6471e+03	3.0158e+00	1.0552e+03	1.3585e+01
4.6300e+03	1.6471e+03	-1.4836e+00	1.0581e+03	1.2207e+01
4.6400e+03	1.6471e+03	2.2017e+00	1.0557e+03	1.1758e+01
4.6500e+03	1.6471e+03	9.6257e+00	1.0509e+03	1.2410e+01
4.6600e+03	1.6471e+03	1.3738e+01	1.0483e+03	1.3505e+01
4.6700e+03	1.6471e+03	3.8882e+01	1.0321e+03	1.5107e+01
4.6800e+03	1.6471e+03	8.2471e+01	1.0042e+03	1.6448e+01
4.6900e+03	1.6471e+03	8.2713e+01	1.0040e+03	1.7276e+01
4.7000e+03	1.6471e+03	5.8761e+01	1.0194e+03	1.7555e+01
4.7100e+03	1.6471e+03	4.7812e+01	1.0264e+03	1.7155e+01
4.7200e+03	1.6471e+03	4.5734e+01	1.0278e+03	1.5651e+01
4.7300e+03	1.6471e+03	2.8706e+01	1.0387e+03	1.3222e+01
4.7400e+03	1.6471e+03	-4.9748e+00	1.0603e+03	1.0375e+01
4.7500e+03	1.6471e+03	-3.0123e+01	1.0764e+03	7.7438e+00
4.7600e+03	1.6471e+03	-4.2877e+01	1.0846e+03	5.7993e+00
4.7700e+03	1.6471e+03	-4.7731e+01	1.0877e+03	4.3177e+00
4.7800e+03	1.6471e+03	-4.5522e+01	1.0863e+03	4.6466e+00
4.7900e+03	1.6471e+03	-4.0000e+01	1.0828e+03	5.8404e+00
4.8000e+03	1.6471e+03	-3.6116e+01	1.0803e+03	6.6880e+00
4.8100e+03	1.6471e+03	-3.6283e+01	1.0804e+03	6.8744e+00
4.8200e+03	1.6471e+03	-3.8458e+01	1.0818e+03	6.3898e+00
4.8300e+03	1.6471e+03	-3.9137e+01	1.0822e+03	5.3207e+00
4.8400e+03	1.6471e+03	-3.4412e+01	1.0792e+03	4.7276e+00
4.8500e+03	1.6471e+03	-2.3788e+01	1.0724e+03	5.8851e+00
4.8600e+03	1.6471e+03	-4.9356e+00	1.0603e+03	9.1525e+00
4.8700e+03	1.6471e+03	2.3865e+01	1.0418e+03	1.2427e+01
4.8800e+03	1.6471e+03	3.6735e+01	1.0335e+03	1.4743e+01
4.8900e+03	1.6471e+03	1.6969e+01	1.0462e+03	1.5957e+01
4.9000e+03	1.6471e+03	1.0774e+01	1.0502e+03	1.6049e+01
4.9100e+03	1.6471e+03	9.5044e+00	1.0510e+03	1.5007e+01
4.9200e+03	1.6471e+03	9.4977e-01	1.0565e+03	1.3149e+01
4.9300e+03	1.6471e+03	-7.6291e+00	1.0620e+03	1.1271e+01
4.9400e+03	1.6471e+03	-9.5337e+00	1.0632e+03	1.0053e+01
4.9500e+03	1.6471e+03	-1.0541e+01	1.0639e+03	1.0014e+01
4.9600e+03	1.6471e+03	-1.4717e+01	1.0666e+03	1.0323e+01
4.9700e+03	1.6471e+03	-2.0986e+01	1.0706e+03	1.0289e+01
4.9800e+03	1.6471e+03	-2.6485e+01	1.0741e+03	9.9306e+00
4.9900e+03	1.6471e+03	-3.0406e+01	1.0766e+03	9.1520e+00
5.0000e+03	1.6471e+03	-2.7520e+01	1.0748e+03	9.0099e+00
5.0100e+03	1.6471e+03	-1.3616e+01	1.0658e+03	1.0460e+01
5.0200e+03	1.6471e+03	4.9137e+00	1.0540e+03	1.2696e+01
5.0300e+03	1.6471e+03	1.4549e+01	1.0478e+03	1.4516e+01
5.0400e+03	1.6471e+03	1.5944e+01	1.0469e+03	1.5550e+01
5.0500e+03	1.6471e+03	1.1127e+01	1.0500e+03	1.5494e+01
5.0600e+03	1.6471e+03	-2.0217e+00	1.0584e+03	1.4261e+01
5.0700e+03	1.6471e+03	-1.8708e+01	1.0691e+03	1.2049e+01
5.0800e+03	1.6471e+03	-3.0917e+01	1.0770e+03	9.3601e+00
5.0900e+03	1.6471e+03	-3.4039e+01	1.0790e+03	7.2251e+00
5.1000e+03	1.6471e+03	-3.3546e+01	1.0786e+03	6.1816e+00
5.1100e+03	1.6471e+03	-3.3691e+01	1.0787e+03	7.1453e+00
5.1200e+03	1.6471e+03	-2.8942e+01	1.0757e+03	9.6828e+00
5.1300e+03	1.6471e+03	-1.2173e+01	1.0649e+03	1.2358e+01
5.1400e+03	1.6471e+03	2.1036e+01	1.0436e+03	1.4091e+01
5.1500e+03	1.6471e+03	3.3234e+01	1.0358e+03	1.4591e+01
5.1600e+03	1.6471e+03	9.3494e+00	1.0511e+03	1.3796e+01
5.1700e+03	1.6471e+03	-5.6192e+00	1.0607e+03	1.1816e+01
5.1800e+03	1.6471e+03	-1.4550e+01	1.0664e+03	8.9476e+00
5.1900e+03	1.6471e+03	-1.7258e+01	1.0682e+03	5.6636e+00
5.2000e+03	1.6471e+03	-3.0225e+01	1.0765e+03	3.6187e+00
5.2100e+03	1.6471e+03	-4.0834e+01	1.0833e+03	3.8941e+00
5.2200e+03	1.6471e+03	-4.1715e+01	1.0839e+03	5.8615e+00
5.2300e+03	1.6471e+03	-2.3935e+01	1.0725e+03	8.2063e+00
5.2400e+03	1.6471e+03	1.8457e+01	1.0453e+03	1.0156e+01
5.2500e+03	1.6471e+03	3.4613e+01	1.0349e+03	1.1405e+01
5.2600e+03	1.6471e+03	2.1482e+01	1.0433e+03	1.2620e+01
5.2700e+03	1.6471e+03	1.4067e+01	1.0481e+03	1.4013e+01
5.2800e+03	1.6471e+03	8.1974e+00	1.0518e+03	1.5183e+01
5.2900e+03	1.6471e+03	8.3889e+00	1.0517e+03	1.5919e+01
5.3000e+03	1.6471e+03	2.1997e+01	1.0430e+03	1.5982e+01
5.3100e+03	1.6471e+03	3.9873e+01	1.0315e+03	1.5302e+01
5.3200e+03	1.6471e+03	4.6082e+01	1.0275e+03	1.4305e+01
5.3300e+03	1.6471e+03	2.8858e+01	1.0386e+03	1.3420e+01
5.3400e+03	1.6471e+03	1.7305e+00	1.0560e+03	1.2956e+01
5.3500e+03	1.6471e+03	-1.4344e+01	1.0663e+03	1.3050e+01
5.3600e+03	1.6471e+03	-1.7364e+01	1.0682e+03	1.2887e+01
5.3700e+03	1.6471e+03	-8.2322e+00	1.0624e+03	1.1757e+01
5.3800e+03	1.6471e+03	-4.9317e+00	1.0603e+03	9.7514e+00
5.3900e+03	1.6471e+03	-2.1073e+01	1.0706e+03	6.9252e+00
5.4000e+03	1.6471e+03	-3.4585e+01	1.0793e+03	3.4294e+00
5.4100e+03	1.6471e+03	-4.3305e+01	1.0849e+03	8.0672e-01
5.4200e+03	1.6471e+03	-4.6644e+01	1.0870e+03	1.2182e+00
5.4300e+03	1.6471e+03	-4.6318e+01	1.0868e+03	1.5930e+00
5.4400e+03	1.6471e+03	-4.2659e+01	1.0845e+03	1.8146e+00
5.4500e+03	1.6471e+03	-3.5421e+01	1.0798e+03	2.5712e+00
5.4600e+03	1.6471e+03	-2.6853e+01	1.0743e+03	4.1680e+00
5.4700e+03	1.6471e+03	-2.0729e+01	1.0704e+03	5.6475e+00
5.4800e+03	1.6471e+03	-1.6921e+01	1.0680e+03	6.8036e+00
5.4900e+03	1.6471e+03	-1.9323e+01	1.0695e+03	7.5701e+00
