2.0000e-03	8.7675e+02	-6.7624e+02	9.9671e+02	0.0000e+00
1.0002e+01	8.7674e+02	-6.4004e+02	9.7347e+02	0.0000e+00
2.0002e+01	8.7671e+02	-5.2889e+02	9.0211e+02	0.0000e+00
3.0002e+01	8.7676e+02	-3.2993e+02	7.7445e+02	0.0000e+00
4.0002e+01	8.7686e+02	-1.4777e+02	6.5761e+02	0.0000e+00
5.0002e+01	8.7681e+02	-1.0868e+02	6.3248e+02	0.0000e+00
6.0002e+01	8.7676e+02	-1.5381e+02	6.6142e+02	0.0000e+00
7.0002e+01	8.7677e+02	-2.0333e+02	6.9320e+02	0.0000e+00
8.0002e+01	8.7677e+02	-2.4596e+02	7.2057e+02	0.0000e+00
9.0002e+01	8.7678e+02	-2.8138e+02	7.4330e+02	0.0000e+00
1.0000e+02	8.7678e+02	-3.1224e+02	7.6311e+02	0.0000e+00
1.1000e+02	8.7677e+02	-3.3638e+02	7.7860e+02	0.0000e+00
1.2000e+02	8.7678e+02	-3.4054e+02	7.8127e+02	0.0000e+00
1.3000e+02	8.7679e+02	-3.2597e+02	7.7193e+02	0.0000e+00
1.4000e+02	8.7680e+02	-3.1237e+02	7.6321e+02	0.0000e+00
1.5000e+02	8.7680e+02	-3.1653e+02	7.6588e+02	0.0000e+00
1.6000e+02	8.7679e+02	-3.2888e+02	7.7380e+02	0.0000e+00
1.7000e+02	8.7679e+02	-3.3788e+02	7.7957e+02	0.0000e+00
1.8000e+02	8.7680e+02	-3.4076e+02	7.8143e+02	0.0000e+00
1.9000e+02	8.7680e+02	-3.3935e+02	7.8052e+02	0.0000e+00
2.0000e+02	8.7680e+02	-3.3661e+02	7.7876e+02	0.0000e+00
2.1000e+02	8.7680e+02	-3.3323e+02	7.7659e+02	0.0000e+00
2.2000e+02	8.7680e+02	-3.2800e+02	7.7324e+02	0.0000e+00
2.3000e+02	8.7680e+02	-3.2018e+02	7.6822e+02	0.0000e+00
2.4000e+02	8.7680e+02	-3.1126e+02	7.6250e+02	0.0000e+00
2.5000e+02	8.7680e+02	-3.0322e+02	7.5734e+02	0.0000e+00
2.6000e+02	8.7680e+02	-2.9537e+02	7.5229e+02	0.0000e+00
2.7000e+02	8.7680e+02	-2.8660e+02	7.4667e+02	0.0000e+00
2.8000e+02	8.7680e+02	-2.7751e+02	7.4084e+02	0.0000e+00
2.9000e+02	8.7680e+02	-2.6925e+02	7.3553e+02	0.0000e+00
3.0000e+02	8.7680e+02	-2.6213e+02	7.3096e+02	0.0000e+00
3.1000e+02	8.7680e+02	-2.5565e+02	7.2680e+02	0.0000e+00
3.2000e+02	8.7680e+02	-2.4918e+02	7.2265e+02	0.0000e+00
3.3000e+02	8.7680e+02	-2.4238e+02	7.1829e+02	0.0000e+00
3.4000e+02	8.7680e+02	-2.3522e+02	7.1370e+02	0.0000e+00
3.5000e+02	8.7680e+02	-2.2783e+02	7.0895e+02	0.0000e+00
3.6000e+02	8.7680e+02	-2.2052e+02	7.0426e+02	0.0000e+00
3.7000e+02	8.7680e+02	-2.1365e+02	6.9985e+02	0.0000e+00
3.8000e+02	8.7680e+02	-2.0583e+02	6.9483e+02	2.6170e+00
3.9000e+02	8.7680e+02	-1.9558e+02	6.8825e+02	5.1024e+00
4.0000e+02	8.7680e+02	-1.8418e+02	6.8094e+02	7.0967e+00
4.1000e+02	8.7680e+02	-1.7364e+02	6.7417e+02	8.3978e+00
4.2000e+02	8.7680e+02	-1.6584e+02	6.6917e+02	8.8743e+00
4.3000e+02	8.7680e+02	-1.6180e+02	6.6657e+02	8.4782e+00
4.4000e+02	8.7680e+02	-1.6118e+02	6.6617e+02	7.2488e+00
4.5000e+02	8.7680e+02	-1.6226e+02	6.6687e+02	5.3081e+00
4.6000e+02	8.7680e+02	-1.6256e+02	6.6706e+02	2.8485e+00
4.7000e+02	8.7680e+02	-1.5980e+02	6.6529e+02	1.1384e-01
4.8000e+02	8.7680e+02	-1.5447e+02	6.6187e+02	0.0000e+00
4.9000e+02	8.7680e+02	-1.4730e+02	6.5727e+02	2.6663e+00
5.0000e+02	8.7680e+02	-1.3724e+02	6.5081e+02	5.8017e+00
5.1000e+02	8.7680e+02	-1.2426e+02	6.4248e+02	9.1367e+00
5.2000e+02	8.7680e+02	-1.1064e+02	6.3374e+02	1.1900e+01
5.3000e+02	8.7680e+02	-9.6936e+01	6.2494e+02	1.4163e+01
5.4000e+02	8.7681e+02	-8.6028e+01	6.1794e+02	1.5675e+01
5.5000e+02	8.7681e+02	-8.1605e+01	6.1511e+02	1.6117e+01
5.6000e+02	8.7681e+02	-8.4801e+01	6.1716e+02	1.5410e+01
5.7000e+02	8.7680e+02	-9.3742e+01	6.2289e+02	1.3692e+01
5.8000e+02	8.7680e+02	-1.0427e+02	6.2965e+02	1.1355e+01
5.9000e+02	8.7680e+02	-1.1342e+02	6.3552e+02	8.7130e+00
6.0000e+02	8.7680e+02	-1.1987e+02	6.3966e+02	5.8968e+00
6.1000e+02	8.7680e+02	-1.2324e+02	6.4183e+02	2.7471e+00
6.2000e+02	8.7680e+02	-1.2223e+02	6.4118e+02	0.0000e+00
6.3000e+02	8.7680e+02	-1.1943e+02	6.3938e+02	0.0000e+00
6.4000e+02	8.7680e+02	-1.1637e+02	6.3741e+02	0.0000e+00
6.5000e+02	8.7680e+02	-1.1283e+02	6.3514e+02	4.9404e-01
6.6000e+02	8.7680e+02	-1.0687e+02	6.3132e+02	3.1095e+00
6.7000e+02	8.7680e+02	-9.8111e+01	6.2569e+02	5.8357e+00
6.8000e+02	8.7680e+02	-8.5867e+01	6.1783e+02	9.1440e+00
6.9000e+02	8.7680e+02	-7.0276e+01	6.0783e+02	1.2579e+01
7.0000e+02	8.7680e+02	-5.5214e+01	5.9817e+02	1.5262e+01
7.1000e+02	8.7680e+02	-4.5890e+01	5.9218e+02	1.6697e+01
7.2000e+02	8.7680e+02	-4.5646e+01	5.9202e+02	1.6730e+01
7.3000e+02	8.7680e+02	-5.1574e+01	5.9583e+02	1.5815e+01
7.4000e+02	8.7679e+02	-5.8566e+01	6.0031e+02	1.4608e+01
7.5000e+02	8.7680e+02	-5.6483e+01	5.9898e+02	1.4701e+01
7.6000e+02	8.7680e+02	-4.6926e+01	5.9284e+02	1.5854e+01
7.7000e+02	8.7680e+02	-3.4249e+01	5.8471e+02	1.7315e+01
7.8000e+02	8.7680e+02	-2.4100e+01	5.7820e+02	1.8344e+01
7.9000e+02	8.7680e+02	-2.3617e+01	5.7789e+02	1.8160e+01
8.0000e+02	8.7680e+02	-3.2503e+01	5.8359e+02	1.6790e+01
8.1000e+02	8.7679e+02	-4.4947e+01	5.9157e+02	1.4829e+01
8.2000e+02	8.7679e+02	-5.5343e+01	5.9824e+02	1.3025e+01
8.3000e+02	8.7679e+02	-6.2657e+01	6.0294e+02	1.1664e+01
8.4000e+02	8.7680e+02	-6.6936e+01	6.0569e+02	1.0878e+01
8.5000e+02	8.7680e+02	-7.3430e+01	6.0985e+02	9.5724e+00
8.6000e+02	8.7680e+02	-7.9984e+01	6.1406e+02	7.9799e+00
8.7000e+02	8.7679e+02	-8.4008e+01	6.1664e+02	6.4256e+00
8.8000e+02	8.7678e+02	-7.9712e+01	6.1387e+02	6.0123e+00
8.9000e+02	8.7679e+02	-5.8814e+01	6.0047e+02	8.3373e+00
9.0000e+02	8.7680e+02	-4.0472e+01	5.8870e+02	1.1328e+01
9.1000e+02	8.7679e+02	-2.9576e+01	5.8170e+02	1.4068e+01
9.2000e+02	8.7681e+02	-2.0132e+01	5.7565e+02	1.5916e+01
9.3000e+02	8.7680e+02	-2.5427e+01	5.7904e+02	1.6501e+01
9.4000e+02	8.7680e+02	-3.7380e+01	5.8672e+02	1.5703e+01
9.5000e+02	8.7679e+02	-5.2655e+01	5.9652e+02	1.3642e+01
9.6000e+02	8.7679e+02	-6.6586e+01	6.0546e+02	1.1154e+01
9.7000e+02	8.7679e+02	-7.1759e+01	6.0878e+02	1.0016e+01
9.8000e+02	8.7679e+02	-6.7688e+01	6.0616e+02	1.0820e+01
9.9000e+02	8.7679e+02	-5.6704e+01	5.9911e+02	1.2788e+01
1.0000e+03	8.7679e+02	-4.1650e+01	5.8945e+02	1.5001e+01
1.0100e+03	8.7679e+02	-3.0454e+01	5.8227e+02	1.6198e+01
1.0200e+03	8.7679e+02	-2.4188e+01	5.7825e+02	1.6341e+01
1.0300e+03	8.7679e+02	-2.3732e+01	5.7796e+02	1.5495e+01
1.0400e+03	8.7679e+02	-3.1052e+01	5.8265e+02	1.3952e+01
1.0500e+03	8.7679e+02	-4.3118e+01	5.9039e+02	1.2315e+01
1.0600e+03	8.7678e+02	-4.9783e+01	5.9466e+02	1.1158e+01
1.0700e+03	8.7677e+02	-4.0915e+01	5.8897e+02	1.0632e+01
1.0800e+03	8.7679e+02	-2.6807e+01	5.7993e+02	1.0802e+01
1.0900e+03	8.7678e+02	-2.5978e+01	5.7939e+02	1.1146e+01
1.1000e+03	8.7678e+02	-2.7969e+01	5.8067e+02	1.1123e+01
1.1100e+03	8.7678e+02	-3.3860e+01	5.8445e+02	1.0695e+01
1.1200e+03	8.7678e+02	-3.8745e+01	5.8758e+02	9.6090e+00
1.1300e+03	8.7678e+02	-4.1920e+01	5.8962e+02	7.9812e+00
1.1400e+03	8.7679e+02	-4.2838e+01	5.9022e+02	6.3590e+00
1.1500e+03	8.7678e+02	-5.4542e+01	5.9772e+02	6.1712e+00
1.1600e+03	8.7678e+02	-6.7096e+01	6.0578e+02	7.1266e+00
1.1700e+03	8.7678e+02	-7.0588e+01	6.0802e+02	8.3982e+00
1.1800e+03	8.7679e+02	-6.8957e+01	6.0697e+02	9.2927e+00
1.1900e+03	8.7678e+02	-6.5975e+01	6.0506e+02	9.3573e+00
1.2000e+03	8.7678e+02	-6.1451e+01	6.0216e+02	8.7592e+00
1.2100e+03	8.7678e+02	-5.7073e+01	5.9935e+02	8.0906e+00
1.2200e+03	8.7678e+02	-5.4446e+01	5.9766e+02	8.1492e+00
1.2300e+03	8.7679e+02	-5.3303e+01	5.9693e+02	8.9694e+00
1.2400e+03	8.7678e+02	-5.5956e+01	5.9863e+02	9.8445e+00
1.2500e+03	8.7678e+02	-5.9541e+01	6.0093e+02	9.9891e+00
1.2600e+03	8.7679e+02	-6.3159e+01	6.0325e+02	9.3121e+00
1.2700e+03	8.7678e+02	-6.8537e+01	6.0671e+02	7.9299e+00
1.2800e+03	8.7678e+02	-7.3103e+01	6.0963e+02	6.5218e+00
1.2900e+03	8.7678e+02	-7.3051e+01	6.0960e+02	5.8529e+00
1.3000e+03	8.7678e+02	-6.6188e+01	6.0519e+02	6.3370e+00
1.3100e+03	8.7679e+02	-5.4037e+01	5.9740e+02	7.7204e+00
1.3200e+03	8.7679e+02	-4.5241e+01	5.9176e+02	9.0156e+00
1.3300e+03	8.7679e+02	-4.4133e+01	5.9104e+02	9.8965e+00
1.3400e+03	8.7678e+02	-4.7474e+01	5.9319e+02	1.0198e+01
1.3500e+03	8.7678e+02	-5.1683e+01	5.9589e+02	9.8528e+00
1.3600e+03	8.7678e+02	-5.5175e+01	5.9813e+02	8.9909e+00
1.3700e+03	8.7678e+02	-5.6427e+01	5.9893e+02	8.3237e+00
1.3800e+03	8.7678e+02	-5.6299e+01	5.9885e+02	8.2373e+00
1.3900e+03	8.7678e+02	-5.0975e+01	5.9543e+02	9.0070e+00
1.4000e+03	8.7679e+02	-3.5989e+01	5.8582e+02	1.0404e+01
1.4100e+03	8.7680e+02	-2.8376e+01	5.8094e+02	1.1640e+01
1.4200e+03	8.7678e+02	-3.7536e+01	5.8681e+02	1.2226e+01
1.4300e+03	8.7679e+02	-4.6143e+01	5.9233e+02	1.1941e+01
1.4400e+03	8.7679e+02	-5.3802e+01	5.9725e+02	1.0810e+01
1.4500e+03	8.7679e+02	-6.1227e+01	6.0201e+02	9.1794e+00
1.4600e+03	8.7678e+02	-6.5920e+01	6.0502e+02	7.6026e+00
1.4700e+03	8.7678e+02	-6.4625e+01	6.0419e+02	6.2432e+00
1.4800e+03	8.7678e+02	-5.1060e+01	5.9549e+02	5.8042e+00
1.4900e+03	8.7680e+02	-4.0057e+01	5.8844e+02	6.3484e+00
1.5000e+03	8.7678e+02	-5.0161e+01	5.9491e+02	7.0575e+00
1.5100e+03	8.7678e+02	-6.0807e+01	6.0174e+02	7.3495e+00
1.5200e+03	8.7679e+02	-6.5801e+01	6.0495e+02	7.3620e+00
1.5300e+03	8.7679e+02	-6.7329e+01	6.0593e+02	7.1829e+00
1.5400e+03	8.7678e+02	-6.5816e+01	6.0496e+02	7.2794e+00
1.5500e+03	8.7678e+02	-5.9163e+01	6.0069e+02	8.4966e+00
1.5600e+03	8.7678e+02	-4.7624e+01	5.9328e+02	1.0421e+01
1.5700e+03	8.7679e+02	-3.2744e+01	5.8373e+02	1.2417e+01
1.5800e+03	8.7679e+02	-1.9776e+01	5.7541e+02	1.3847e+01
1.5900e+03	8.7679e+02	-1.1937e+01	5.7038e+02	1.4613e+01
1.6000e+03	8.7679e+02	-8.8191e+00	5.6838e+02	1.4733e+01
1.6100e+03	8.7678e+02	-9.8354e+00	5.6903e+02	1.4278e+01
1.6200e+03	8.7678e+02	-1.2956e+01	5.7103e+02	1.3542e+01
1.6300e+03	8.7678e+02	-1.5238e+01	5.7250e+02	1.3230e+01
1.6400e+03	8.7678e+02	-1.3161e+01	5.7116e+02	1.3591e+01
1.6500e+03	8.7678e+02	-3.9909e+00	5.6528e+02	1.3866e+01
1.6600e+03	8.7679e+02	5.9994e-01	5.6233e+02	1.3664e+01
1.6700e+03	8.7677e+02	9.3473e-01	5.6211e+02	1.3094e+01
1.6800e+03	8.7680e+02	6.1858e+00	5.5876e+02	1.2332e+01
1.6900e+03	8.7678e+02	-1.3863e+01	5.7161e+02	1.1157e+01
1.7000e+03	8.7678e+02	-3.6415e+01	5.8608e+02	9.6800e+00
1.7100e+03	8.7679e+02	-4.5988e+01	5.9223e+02	8.3262e+00
1.7200e+03	8.7679e+02	-5.0196e+01	5.9494e+02	7.3562e+00
1.7300e+03	8.7679e+02	-5.5505e+01	5.9834e+02	6.4496e+00
1.7400e+03	8.7679e+02	-6.2179e+01	6.0263e+02	5.1828e+00
1.7500e+03	8.7678e+02	-6.5909e+01	6.0502e+02	4.7054e+00
1.7600e+03	8.7679e+02	-6.3154e+01	6.0325e+02	6.3223e+00
1.7700e+03	8.7679e+02	-5.4897e+01	5.9795e+02	8.3819e+00
1.7800e+03	8.7679e+02	-4.3004e+01	5.9032e+02	9.9712e+00
1.7900e+03	8.7679e+02	-3.0792e+01	5.8248e+02	1.0800e+01
1.8000e+03	8.7679e+02	-2.4321e+01	5.7833e+02	1.0823e+01
1.8100e+03	8.7679e+02	-2.9051e+01	5.8137e+02	9.9826e+00
1.8200e+03	8.7679e+02	-4.2277e+01	5.8985e+02	8.4124e+00
1.8300e+03	8.7678e+02	-5.4759e+01	5.9786e+02	6.5607e+00
1.8400e+03	8.7678e+02	-5.8124e+01	6.0002e+02	5.4438e+00
1.8500e+03	8.7678e+02	-4.8444e+01	5.9381e+02	5.9161e+00
1.8600e+03	8.7680e+02	-3.3700e+01	5.8435e+02	6.7196e+00
1.8700e+03	8.7679e+02	-3.2798e+01	5.8377e+02	7.2098e+00
1.8800e+03	8.7678e+02	-4.2337e+01	5.8989e+02	7.2714e+00
1.8900e+03	8.7679e+02	-4.8624e+01	5.9393e+02	7.1133e+00
1.9000e+03	8.7679e+02	-5.0571e+01	5.9518e+02	7.1398e+00
1.9100e+03	8.7679e+02	-5.1422e+01	5.9572e+02	7.4780e+00
1.9200e+03	8.7679e+02	-5.2543e+01	5.9644e+02	8.0920e+00
1.9300e+03	8.7679e+02	-5.3821e+01	5.9726e+02	8.6585e+00
1.9400e+03	8.7679e+02	-5.5673e+01	5.9845e+02	8.7956e+00
1.9500e+03	8.7679e+02	-5.9259e+01	6.0076e+02	8.1501e+00
1.9600e+03	8.7679e+02	-6.3809e+01	6.0367e+02	6.7903e+00
1.9700e+03	8.7679e+02	-6.7477e+01	6.0603e+02	5.0470e+00
1.9800e+03	8.7679e+02	-6.8415e+01	6.0663e+02	3.8425e+00
1.9900e+03	8.7679e+02	-6.6828e+01	6.0561e+02	3.8297e+00
2.0000e+03	8.7679e+02	-6.2647e+01	6.0293e+02	4.4415e+00
2.0100e+03	8.7678e+02	-5.2649e+01	5.9650e+02	5.0899e+00
2.0200e+03	8.7678e+02	-3.1371e+01	5.8285e+02	5.3705e+00
2.0300e+03	8.7680e+02	-1.9123e+01	5.7500e+02	5.1922e+00
2.0400e+03	8.7677e+02	-3.5299e+01	5.8536e+02	4.5811e+00
2.0500e+03	8.7679e+02	-4.1500e+01	5.8935e+02	3.6382e+00
2.0600e+03	8.7679e+02	-4.6952e+01	5.9285e+02	2.5900e+00
2.0700e+03	8.7678e+02	-5.4455e+01	5.9767e+02	1.7270e+00
2.0800e+03	8.7679e+02	-5.7515e+01	5.9963e+02	2.8023e+00
2.0900e+03	8.7679e+02	-5.8956e+01	6.0056e+02	4.6405e+00
2.1000e+03	8.7679e+02	-5.8866e+01	6.0050e+02	6.0899e+00
2.1100e+03	8.7679e+02	-5.6817e+01	5.9919e+02	6.9848e+00
2.1200e+03	8.7679e+02	-5.6043e+01	5.9869e+02	7.3562e+00
2.1300e+03	8.7679e+02	-5.9854e+01	6.0114e+02	7.2555e+00
2.1400e+03	8.7679e+02	-6.6100e+01	6.0514e+02	6.7178e+00
2.1500e+03	8.7679e+02	-7.1085e+01	6.0834e+02	5.8535e+00
2.1600e+03	8.7679e+02	-7.3905e+01	6.1015e+02	4.8759e+00
2.1700e+03	8.7679e+02	-7.5316e+01	6.1106e+02	4.1130e+00
2.1800e+03	8.7679e+02	-7.6716e+01	6.1196e+02	3.5558e+00
2.1900e+03	8.7679e+02	-7.7611e+01	6.1253e+02	3.5138e+00
2.2000e+03	8.7679e+02	-7.5563e+01	6.1122e+02	4.6611e+00
2.2100e+03	8.7679e+02	-7.0658e+01	6.0807e+02	6.0769e+00
2.2200e+03	8.7679e+02	-6.5415e+01	6.0471e+02	7.0809e+00
2.2300e+03	8.7679e+02	-6.3049e+01	6.0319e+02	7.4021e+00
2.2400e+03	8.7679e+02	-6.4576e+01	6.0417e+02	7.0057e+00
2.2500e+03	8.7679e+02	-6.7370e+01	6.0596e+02	6.1530e+00
2.2600e+03	8.7679e+02	-6.7970e+01	6.0634e+02	5.3191e+00
2.2700e+03	8.7679e+02	-6.5617e+01	6.0483e+02	4.9155e+00
2.2800e+03	8.7679e+02	-6.1056e+01	6.0190e+02	5.1164e+00
2.2900e+03	8.7679e+02	-5.4039e+01	5.9740e+02	5.3484e+00
2.3000e+03	8.7680e+02	-4.6687e+01	5.9269e+02	5.0484e+00
2.3100e+03	8.7680e+02	-4.9143e+01	5.9426e+02	4.2464e+00
2.3200e+03	8.7679e+02	-6.0504e+01	6.0155e+02	3.0268e+00
2.3300e+03	8.7679e+02	-7.0278e+01	6.0782e+02	2.0291e+00
2.3400e+03	8.7679e+02	-7.4682e+01	6.1065e+02	2.8082e+00
2.3500e+03	8.7679e+02	-7.5667e+01	6.1128e+02	4.0035e+00
2.3600e+03	8.7679e+02	-7.4119e+01	6.1029e+02	4.9925e+00
2.3700e+03	8.7679e+02	-6.8610e+01	6.0675e+02	5.7118e+00
2.3800e+03	8.7679e+02	-5.8713e+01	6.0040e+02	6.0203e+00
2.3900e+03	8.7679e+02	-4.6111e+01	5.9231e+02	5.8747e+00
2.4000e+03	8.7680e+02	-3.7534e+01	5.8682e+02	5.3041e+00
2.4100e+03	8.7679e+02	-4.4319e+01	5.9117e+02	4.4251e+00
2.4200e+03	8.7678e+02	-5.7776e+01	5.9980e+02	3.4876e+00
2.4300e+03	8.7679e+02	-6.5264e+01	6.0460e+02	2.5832e+00
2.4400e+03	8.7679e+02	-6.7211e+01	6.0586e+02	1.4849e+00
2.4500e+03	8.7679e+02	-6.6620e+01	6.0548e+02	1.1708e+00
2.4600e+03	8.7678e+02	-6.1422e+01	6.0214e+02	2.4801e+00
2.4700e+03	8.7680e+02	-5.2693e+01	5.9654e+02	3.6744e+00
2.4800e+03	8.7679e+02	-5.4258e+01	5.9754e+02	4.5361e+00
2.4900e+03	8.7679e+02	-6.0104e+01	6.0129e+02	4.9573e+00
2.5000e+03	8.7679e+02	-6.1355e+01	6.0210e+02	4.8892e+00
2.5100e+03	8.7679e+02	-6.1316e+01	6.0207e+02	4.3387e+00
2.5200e+03	8.7679e+02	-6.2309e+01	6.0271e+02	3.3602e+00
2.5300e+03	8.7679e+02	-6.3774e+01	6.0365e+02	2.0508e+00
2.5400e+03	8.7679e+02	-6.5482e+01	6.0475e+02	5.4038e-01
2.5500e+03	8.7679e+02	-6.8261e+01	6.0653e+02	0.0000e+00
2.5600e+03	8.7679e+02	-7.1962e+01	6.0891e+02	0.0000e+00
2.5700e+03	8.7679e+02	-7.4513e+01	6.1054e+02	0.0000e+00
2.5800e+03	8.7679e+02	-7.3589e+01	6.0995e+02	2.4051e+00
2.5900e+03	8.7679e+02	-6.8396e+01	6.0662e+02	4.9026e+00
2.6000e+03	8.7679e+02	-6.2024e+01	6.0253e+02	6.9162e+00
2.6100e+03	8.7679e+02	-5.7451e+01	5.9960e+02	8.2437e+00
2.6200e+03	8.7679e+02	-5.5939e+01	5.9863e+02	8.7532e+00
2.6300e+03	8.7679e+02	-5.7344e+01	5.9953e+02	8.3945e+00
2.6400e+03	8.7679e+02	-6.1069e+01	6.0192e+02	7.2041e+00
2.6500e+03	8.7679e+02	-6.5114e+01	6.0451e+02	5.7027e+00
2.6600e+03	8.7679e+02	-6.6656e+01	6.0550e+02	5.1022e+00
2.6700e+03	8.7679e+02	-6.4547e+01	6.0415e+02	5.9658e+00
2.6800e+03	8.7679e+02	-6.0488e+01	6.0155e+02	7.1395e+00
2.6900e+03	8.7679e+02	-5.7240e+01	5.9946e+02	7.6405e+00
2.7000e+03	8.7679e+02	-5.5345e+01	5.9824e+02	7.4172e+00
2.7100e+03	8.7679e+02	-5.4466e+01	5.9768e+02	6.5027e+00
2.7200e+03	8.7679e+02	-5.3352e+01	5.9696e+02	5.0100e+00
2.7300e+03	8.7679e+02	-4.9852e+01	5.9472e+02	3.1865e+00
2.7400e+03	8.7680e+02	-4.4992e+01	5.9160e+02	2.5175e+00
2.7500e+03	8.7679e+02	-4.7935e+01	5.9349e+02	3.7693e+00
2.7600e+03	8.7679e+02	-5.2472e+01	5.9640e+02	6.1048e+00
2.7700e+03	8.7679e+02	-5.1531e+01	5.9579e+02	8.1783e+00
2.7800e+03	8.7679e+02	-4.7417e+01	5.9316e+02	9.6700e+00
2.7900e+03	8.7680e+02	-4.4130e+01	5.9105e+02	1.0380e+01
2.8000e+03	8.7680e+02	-4.4036e+01	5.9099e+02	1.0226e+01
2.8100e+03	8.7679e+02	-4.7369e+01	5.9313e+02	9.2541e+00
2.8200e+03	8.7679e+02	-5.2324e+01	5.9630e+02	7.6482e+00
2.8300e+03	8.7679e+02	-5.6384e+01	5.9891e+02	5.7466e+00
2.8400e+03	8.7679e+02	-5.8583e+01	6.0032e+02	3.7830e+00
2.8500e+03	8.7679e+02	-5.8698e+01	6.0040e+02	2.1904e+00
2.8600e+03	8.7679e+02	-5.6340e+01	5.9888e+02	2.4530e+00
2.8700e+03	8.7679e+02	-5.0524e+01	5.9515e+02	5.2990e+00
2.8800e+03	8.7679e+02	-4.2400e+01	5.8993e+02	8.5966e+00
2.8900e+03	8.7679e+02	-3.2776e+01	5.8376e+02	1.1382e+01
2.9000e+03	8.7679e+02	-2.2543e+01	5.7719e+02	1.3173e+01
2.9100e+03	8.7679e+02	-1.4344e+01	5.7193e+02	1.3741e+01
2.9200e+03	8.7679e+02	-1.2966e+01	5.7104e+02	1.3095e+01
2.9300e+03	8.7679e+02	-1.8455e+01	5.7456e+02	1.2385e+01
2.9400e+03	8.7678e+02	-2.5512e+01	5.7909e+02	1.2360e+01
2.9500e+03	8.7678e+02	-2.6456e+01	5.7969e+02	1.3277e+01
2.9600e+03	8.7679e+02	-2.1168e+01	5.7630e+02	1.4465e+01
2.9700e+03	8.7679e+02	-1.4249e+01	5.7187e+02	1.5007e+01
2.9800e+03	8.7679e+02	-1.1620e+01	5.7018e+02	1.4248e+01
2.9900e+03	8.7679e+02	-1.9106e+01	5.7499e+02	1.2260e+01
3.0000e+03	8.7678e+02	-3.5812e+01	5.8570e+02	9.7000e+00
3.0100e+03	8.7678e+02	-4.8586e+01	5.9390e+02	7.5042e+00
3.0200e+03	8.7679e+02	-5.2607e+01	5.9648e+02	7.0120e+00
3.0300e+03	8.7678e+02	-5.4583e+01	5.9775e+02	7.1146e+00
3.0400e+03	8.7678e+02	-5.5049e+01	5.9805e+02	7.5427e+00
3.0500e+03	8.7678e+02	-5.1579e+01	5.9582e+02	8.6875e+00
3.0600e+03	8.7679e+02	-4.4578e+01	5.9133e+02	1.0187e+01
3.0700e+03	8.7679e+02	-3.6289e+01	5.8601e+02	1.1533e+01
3.0800e+03	8.7679e+02	-2.7681e+01	5.8048e+02	1.2686e+01
3.0900e+03	8.7679e+02	-2.1853e+01	5.7675e+02	1.3252e+01
3.1000e+03	8.7679e+02	-2.2645e+01	5.7726e+02	1.2839e+01
3.1100e+03	8.7679e+02	-3.0509e+01	5.8230e+02	1.1506e+01
3.1200e+03	8.7678e+02	-4.1613e+01	5.8943e+02	9.5249e+00
3.1300e+03	8.7679e+02	-5.0490e+01	5.9512e+02	7.4609e+00
3.1400e+03	8.7679e+02	-5.5447e+01	5.9830e+02	5.6291e+00
3.1500e+03	8.7679e+02	-5.6626e+01	5.9906e+02	4.3806e+00
3.1600e+03	8.7679e+02	-5.4171e+01	5.9749e+02	4.5256e+00
3.1700e+03	8.7679e+02	-4.8987e+01	5.9416e+02	5.6658e+00
3.1800e+03	8.7679e+02	-4.3145e+01	5.9041e+02	6.4167e+00
3.1900e+03	8.7679e+02	-3.9251e+01	5.8791e+02	6.7171e+00
3.2000e+03	8.7679e+02	-3.8416e+01	5.8737e+02	7.5365e+00
3.2100e+03	8.7678e+02	-3.7750e+01	5.8695e+02	8.8036e+00
3.2200e+03	8.7679e+02	-3.5515e+01	5.8551e+02	9.9687e+00
3.2300e+03	8.7679e+02	-3.3161e+01	5.8400e+02	1.0765e+01
3.2400e+03	8.7679e+02	-3.0928e+01	5.8257e+02	1.1537e+01
3.2500e+03	8.7679e+02	-3.0037e+01	5.8200e+02	1.2217e+01
3.2600e+03	8.7678e+02	-2.9313e+01	5.8153e+02	1.2788e+01
3.2700e+03	8.7678e+02	-2.6304e+01	5.7960e+02	1.3340e+01
3.2800e+03	8.7678e+02	-2.0667e+01	5.7598e+02	1.3697e+01
3.2900e+03	8.7679e+02	-1.2758e+01	5.7091e+02	1.3723e+01
3.3000e+03	8.7679e+02	-9.2176e+00	5.6864e+02	1.2999e+01
3.3100e+03	8.7679e+02	-2.1099e+01	5.7626e+02	1.1777e+01
3.3200e+03	8.7678e+02	-3.7947e+01	5.8707e+02	1.0642e+01
3.3300e+03	8.7678e+02	-4.4939e+01	5.9156e+02	9.9973e+00
3.3400e+03	8.7678e+02	-4.3759e+01	5.9080e+02	9.6206e+00
3.3500e+03	8.7678e+02	-3.8936e+01	5.8771e+02	9.0572e+00
3.3600e+03	8.7679e+02	-3.3904e+01	5.8448e+02	7.9784e+00
3.3700e+03	8.7679e+02	-3.1366e+01	5.8285e+02	6.1331e+00
3.3800e+03	8.7679e+02	-3.6920e+01	5.8642e+02	3.7003e+00
3.3900e+03	8.7678e+02	-5.1699e+01	5.9590e+02	1.6737e+00
3.4000e+03	8.7678e+02	-6.2604e+01	6.0289e+02	2.5603e+00
3.4100e+03	8.7678e+02	-6.4862e+01	6.0434e+02	4.1103e+00
3.4200e+03	8.7679e+02	-6.0312e+01	6.0143e+02	5.5872e+00
3.4300e+03	8.7679e+02	-5.4123e+01	5.9746e+02	6.6781e+00
3.4400e+03	8.7679e+02	-5.2966e+01	5.9671e+02	7.2674e+00
3.4500e+03	8.7679e+02	-5.5971e+01	5.9864e+02	7.4097e+00
3.4600e+03	8.7679e+02	-5.8797e+01	6.0045e+02	7.1092e+00
3.4700e+03	8.7679e+02	-6.0584e+01	6.0160e+02	6.4405e+00
3.4800e+03	8.7679e+02	-6.1789e+01	6.0238e+02	5.5760e+00
3.4900e+03	8.7679e+02	-6.3006e+01	6.0316e+02	4.5887e+00
3.5000e+03	8.7679e+02	-6.3869e+01	6.0371e+02	3.7679e+00
3.5100e+03	8.7679e+02	-6.4167e+01	6.0390e+02	2.8453e+00
3.5200e+03	8.7678e+02	-6.1315e+01	6.0207e+02	1.7523e+00
3.5300e+03	8.7677e+02	-4.8411e+01	5.9378e+02	5.9036e-01
3.5400e+03	8.7680e+02	-2.6995e+01	5.8006e+02	0.0000e+00
3.5500e+03	8.7678e+02	-3.4913e+01	5.8512e+02	0.0000e+00
3.5600e+03	8.7678e+02	-5.0759e+01	5.9529e+02	1.5871e+00
3.5700e+03	8.7678e+02	-5.6016e+01	5.9867e+02	3.5465e+00
3.5800e+03	8.7678e+02	-5.4820e+01	5.9790e+02	5.3375e+00
3.5900e+03	8.7679e+02	-5.1021e+01	5.9546e+02	6.7576e+00
3.6000e+03	8.7679e+02	-4.6907e+01	5.9282e+02	7.7066e+00
3.6100e+03	8.7679e+02	-4.5445e+01	5.9189e+02	8.0484e+00
3.6200e+03	8.7679e+02	-4.8284e+01	5.9371e+02	7.7379e+00
3.6300e+03	8.7679e+02	-5.2712e+01	5.9655e+02	6.8698e+00
3.6400e+03	8.7679e+02	-5.6118e+01	5.9873e+02	5.6341e+00
3.6500e+03	8.7679e+02	-5.7936e+01	5.9990e+02	4.4092e+00
3.6600e+03	8.7679e+02	-5.9091e+01	6.0064e+02	3.5205e+00
3.6700e+03	8.7679e+02	-6.1136e+01	6.0196e+02	2.7200e+00
3.6800e+03	8.7679e+02	-6.3370e+01	6.0339e+02	2.5459e+00
3.6900e+03	8.7679e+02	-6.4817e+01	6.0432e+02	3.1398e+00
3.7000e+03	8.7679e+02	-6.5352e+01	6.0466e+02	3.8018e+00
3.7100e+03	8.7679e+02	-6.4661e+01	6.0422e+02	4.4260e+00
3.7200e+03	8.7678e+02	-6.1641e+01	6.0228e+02	5.3698e+00
3.7300e+03	8.7679e+02	-5.6700e+01	5.9911e+02	6.3411e+00
3.7400e+03	8.7679e+02	-5.1727e+01	5.9592e+02	7.0196e+00
3.7500e+03	8.7679e+02	-4.8790e+01	5.9403e+02	7.2467e+00
3.7600e+03	8.7679e+02	-4.7565e+01	5.9325e+02	6.9733e+00
3.7700e+03	8.7679e+02	-4.6582e+01	5.9262e+02	6.2451e+00
3.7800e+03	8.7679e+02	-4.6817e+01	5.9277e+02	5.0219e+00
3.7900e+03	8.7679e+02	-4.9815e+01	5.9469e+02	3.3260e+00
3.8000e+03	8.7678e+02	-5.4731e+01	5.9784e+02	1.3939e+00
3.8100e+03	8.7678e+02	-5.8936e+01	6.0054e+02	6.7916e-02
3.8200e+03	8.7678e+02	-6.0723e+01	6.0169e+02	1.7074e+00
3.8300e+03	8.7678e+02	-5.7666e+01	5.9973e+02	3.7909e+00
3.8400e+03	8.7678e+02	-4.8861e+01	5.9408e+02	5.8408e+00
3.8500e+03	8.7679e+02	-3.8276e+01	5.8729e+02	7.3907e+00
3.8600e+03	8.7679e+02	-3.2618e+01	5.8365e+02	8.2529e+00
3.8700e+03	8.7678e+02	-3.2141e+01	5.8335e+02	8.3579e+00
3.8800e+03	8.7678e+02	-3.2196e+01	5.8338e+02	7.7017e+00
3.8900e+03	8.7678e+02	-3.4970e+01	5.8516e+02	6.3770e+00
3.9000e+03	8.7677e+02	-3.8541e+01	5.8744e+02	4.6114e+00
3.9100e+03	8.7677e+02	-2.8782e+01	5.8118e+02	3.0920e+00
3.9200e+03	8.7680e+02	-1.1944e+01	5.7039e+02	3.8637e+00
3.9300e+03	8.7678e+02	-1.5830e+01	5.7288e+02	6.1395e+00
3.9400e+03	8.7677e+02	-2.7096e+01	5.8010e+02	8.4004e+00
3.9500e+03	8.7678e+02	-2.9262e+01	5.8150e+02	1.0454e+01
3.9600e+03	8.7678e+02	-2.8029e+01	5.8071e+02	1.1943e+01
3.9700e+03	8.7679e+02	-2.6056e+01	5.7944e+02	1.3082e+01
3.9800e+03	8.7679e+02	-2.4779e+01	5.7862e+02	1.3711e+01
3.9900e+03	8.7679e+02	-2.5455e+01	5.7906e+02	1.3667e+01
4.0000e+03	8.7679e+02	-2.6988e+01	5.8004e+02	1.3197e+01
4.0100e+03	8.7679e+02	-2.7008e+01	5.8005e+02	1.2776e+01
4.0200e+03	8.7678e+02	-2.3997e+01	5.7812e+02	1.2285e+01
4.0300e+03	8.7679e+02	-1.4137e+01	5.7179e+02	1.1632e+01
4.0400e+03	8.7680e+02	-1.1563e+01	5.7015e+02	1.0867e+01
4.0500e+03	8.7678e+02	-2.5003e+01	5.7876e+02	9.9983e+00
4.0600e+03	8.7679e+02	-3.3822e+01	5.8443e+02	9.1881e+00
4.0700e+03	8.7679e+02	-3.9500e+01	5.8807e+02	7.9776e+00
4.0800e+03	8.7679e+02	-4.6105e+01	5.9231e+02	6.4835e+00
4.0900e+03	8.7679e+02	-5.2619e+01	5.9649e+02	5.3047e+00
4.1000e+03	8.7679e+02	-5.6665e+01	5.9909e+02	4.7361e+00
4.1100e+03	8.7679e+02	-5.7214e+01	5.9944e+02	5.0314e+00
4.1200e+03	8.7680e+02	-5.5392e+01	5.9827e+02	5.9985e+00
4.1300e+03	8.7680e+02	-5.3116e+01	5.9681e+02	7.0973e+00
4.1400e+03	8.7680e+02	-5.1597e+01	5.9584e+02	7.9759e+00
4.1500e+03	8.7680e+02	-5.1851e+01	5.9600e+02	8.2120e+00
4.1600e+03	8.7679e+02	-5.2866e+01	5.9665e+02	7.7270e+00
4.1700e+03	8.7679e+02	-5.2622e+01	5.9650e+02	6.6010e+00
4.1800e+03	8.7680e+02	-5.0257e+01	5.9498e+02	5.2204e+00
4.1900e+03	8.7680e+02	-4.7422e+01	5.9316e+02	4.3812e+00
4.2000e+03	8.7680e+02	-4.5235e+01	5.9176e+02	4.4778e+00
4.2100e+03	8.7680e+02	-4.4284e+01	5.9115e+02	4.7673e+00
4.2200e+03	8.7680e+02	-4.4548e+01	5.9132e+02	5.3472e+00
4.2300e+03	8.7680e+02	-4.7349e+01	5.9311e+02	5.9318e+00
4.2400e+03	8.7680e+02	-5.2319e+01	5.9630e+02	6.2444e+00
4.2500e+03	8.7680e+02	-5.7456e+01	5.9960e+02	6.2115e+00
4.2600e+03	8.7680e+02	-6.1205e+01	6.0201e+02	5.8434e+00
4.2700e+03	8.7680e+02	-6.3139e+01	6.0325e+02	5.2190e+00
4.2800e+03	8.7680e+02	-6.3844e+01	6.0370e+02	4.2665e+00
4.2900e+03	8.7680e+02	-6.4120e+01	6.0388e+02	2.9003e+00
4.3000e+03	8.7680e+02	-6.4096e+01	6.0386e+02	1.8405e+00
4.3100e+03	8.7680e+02	-6.3147e+01	6.0325e+02	2.9198e+00
4.3200e+03	8.7680e+02	-6.1727e+01	6.0234e+02	4.2210e+00
4.3300e+03	8.7680e+02	-5.9410e+01	6.0086e+02	5.1246e+00
4.3400e+03	8.7680e+02	-5.5661e+01	5.9845e+02	5.5413e+00
4.3500e+03	8.7680e+02	-5.1173e+01	5.9557e+02	5.4297e+00
4.3600e+03	8.7680e+02	-4.9099e+01	5.9424e+02	4.8013e+00
4.3700e+03	8.7680e+02	-5.1639e+01	5.9587e+02	3.7285e+00
4.3800e+03	8.7680e+02	-5.5949e+01	5.9863e+02	2.3837e+00
4.3900e+03	8.7680e+02	-5.8945e+01	6.0056e+02	1.1759e+00
4.4000e+03	8.7679e+02	-5.9000e+01	6.0059e+02	2.2136e+00
4.4100e+03	8.7679e+02	-5.4667e+01	5.9781e+02	4.0397e+00
4.4200e+03	8.7680e+02	-4.6323e+01	5.9245e+02	5.6171e+00
4.4300e+03	8.7679e+02	-3.8607e+01	5.8750e+02	6.7062e+00
4.4400e+03	8.7679e+02	-3.0861e+01	5.8253e+02	7.1747e+00
4.4500e+03	8.7680e+02	-2.6384e+01	5.7966e+02	6.9705e+00
4.4600e+03	8.7679e+02	-3.7237e+01	5.8662e+02	6.1171e+00
4.4700e+03	8.7679e+02	-5.2544e+01	5.9644e+02	4.6989e+00
4.4800e+03	8.7679e+02	-6.2163e+01	6.0262e+02	2.8664e+00
4.4900e+03	8.7679e+02	-6.6017e+01	6.0509e+02	1.0249e+00
4.5000e+03	8.7679e+02	-6.6384e+01	6.0533e+02	7.3087e-01
4.5100e+03	8.7680e+02	-6.4622e+01	6.0420e+02	2.5353e+00
4.5200e+03	8.7680e+02	-6.1218e+01	6.0201e+02	4.2046e+00
4.5300e+03	8.7680e+02	-5.6964e+01	5.9928e+02	5.5277e+00
4.5400e+03	8.7680e+02	-5.3176e+01	5.9685e+02	6.5367e+00
4.5500e+03	8.7680e+02	-5.1167e+01	5.9557e+02	7.0645e+00
4.5600e+03	8.7680e+02	-5.1738e+01	5.9593e+02	7.0239e+00
4.5700e+03	8.7679e+02	-5.4228e+01	5.9753e+02	6.4182e+00
4.5800e+03	8.7679e+02	-5.3748e+01	5.9722e+02	6.1272e+00
4.5900e+03	8.7679e+02	-4.7049e+01	5.9292e+02	6.9494e+00
4.6000e+03	8.7680e+02	-3.5219e+01	5.8533e+02	8.2988e+00
4.6100e+03	8.7680e+02	-2.1944e+01	5.7681e+02	9.2948e+00
4.6200e+03	8.7680e+02	-1.5142e+01	5.7245e+02	9.5671e+00
4.6300e+03	8.7680e+02	-1.9233e+01	5.7507e+02	9.0351e+00
4.6400e+03	8.7680e+02	-3.0699e+01	5.8243e+02	7.7123e+00
4.6500e+03	8.7679e+02	-4.4283e+01	5.9114e+02	6.2747e+00
4.6600e+03	8.7679e+02	-5.1659e+01	5.9588e+02	6.3920e+00
4.6700e+03	8.7680e+02	-4.8875e+01	5.9409e+02	8.5269e+00
4.6800e+03	8.7680e+02	-4.1411e+01	5.8930e+02	1.0813e+01
4.6900e+03	8.7680e+02	-3.3699e+01	5.8436e+02	1.2665e+01
4.7000e+03	8.7680e+02	-2.8925e+01	5.8129e+02	1.3753e+01
4.7100e+03	8.7680e+02	-2.9032e+01	5.8136e+02	1.3853e+01
4.7200e+03	8.7680e+02	-3.3642e+01	5.8432e+02	1.2944e+01
4.7300e+03	8.7679e+02	-3.9313e+01	5.8795e+02	1.1239e+01
4.7400e+03	8.7679e+02	-4.1182e+01	5.8915e+02	9.2756e+00
4.7500e+03	8.7680e+02	-3.9325e+01	5.8796e+02	7.6055e+00
4.7600e+03	8.7680e+02	-3.6538e+01	5.8618e+02	6.3485e+00
4.7700e+03	8.7680e+02	-4.0804e+01	5.8892e+02	5.6308e+00
4.7800e+03	8.7680e+02	-5.3200e+01	5.9687e+02	5.5415e+00
4.7900e+03	8.7680e+02	-6.2261e+01	6.0268e+02	5.1133e+00
4.8000e+03	8.7680e+02	-6.6174e+01	6.0520e+02	4.2054e+00
4.8100e+03	8.7680e+02	-6.6982e+01	6.0572e+02	2.9377e+00
4.8200e+03	8.7680e+02	-6.7091e+01	6.0579e+02	1.5884e+00
4.8300e+03	8.7680e+02	-6.7228e+01	6.0587e+02	8.9860e-01
4.8400e+03	8.7680e+02	-6.3562e+01	6.0352e+02	3.6889e+00
4.8500e+03	8.7680e+02	-5.5978e+01	5.9865e+02	6.3237e+00
4.8600e+03	8.7680e+02	-4.8253e+01	5.9370e+02	8.4439e+00
4.8700e+03	8.7680e+02	-4.2289e+01	5.8987e+02	9.9689e+00
4.8800e+03	8.7680e+02	-3.8407e+01	5.8738e+02	1.0722e+01
4.8900e+03	8.7680e+02	-3.7457e+01	5.8677e+02	1.0592e+01
4.9000e+03	8.7680e+02	-3.9058e+01	5.8779e+02	9.6198e+00
4.9100e+03	8.7680e+02	-4.1028e+01	5.8906e+02	8.1899e+00
4.9200e+03	8.7680e+02	-4.3456e+01	5.9062e+02	6.8409e+00
4.9300e+03	8.7680e+02	-4.6241e+01	5.9240e+02	6.2370e+00
4.9400e+03	8.7680e+02	-4.6951e+01	5.9286e+02	5.9505e+00
4.9500e+03	8.7680e+02	-4.5335e+01	5.9183e+02	5.9308e+00
4.9600e+03	8.7680e+02	-4.6720e+01	5.9271e+02	6.0401e+00
4.9700e+03	8.7680e+02	-5.1704e+01	5.9591e+02	5.9621e+00
4.9800e+03	8.7680e+02	-5.7407e+01	5.9957e+02	5.5583e+00
4.9900e+03	8.7680e+02	-6.1665e+01	6.0230e+02	5.1344e+00
5.0000e+03	8.7680e+02	-6.2560e+01	6.0288e+02	4.9395e+00
5.0100e+03	8.7680e+02	-5.7620e+01	5.9971e+02	5.0643e+00
5.0200e+03	8.7680e+02	-4.4865e+01	5.9152e+02	5.7850e+00
5.0300e+03	8.7681e+02	-3.0410e+01	5.8225e+02	6.7716e+00
5.0400e+03	8.7680e+02	-2.5588e+01	5.7915e+02	7.6408e+00
5.0500e+03	8.7680e+02	-2.5721e+01	5.7923e+02	8.5286e+00
5.0600e+03	8.7680e+02	-2.3410e+01	5.7775e+02	9.1993e+00
5.0700e+03	8.7680e+02	-1.8116e+01	5.7435e+02	9.4699e+00
5.0800e+03	8.7681e+02	-1.9317e+01	5.7513e+02	9.4785e+00
5.0900e+03	8.7679e+02	-3.2837e+01	5.8380e+02	9.2502e+00
5.1000e+03	8.7679e+02	-4.3432e+01	5.9060e+02	8.8817e+00
5.1100e+03	8.7680e+02	-4.5845e+01	5.9215e+02	8.3563e+00
5.1200e+03	8.7680e+02	-4.4085e+01	5.9102e+02	7.5873e+00
5.1300e+03	8.7680e+02	-4.3253e+01	5.9049e+02	6.6840e+00
5.1400e+03	8.7680e+02	-4.6844e+01	5.9279e+02	5.7443e+00
5.1500e+03	8.7680e+02	-5.0961e+01	5.9543e+02	4.4570e+00
5.1600e+03	8.7680e+02	-5.2944e+01	5.9671e+02	4.5671e+00
5.1700e+03	8.7680e+02	-5.1956e+01	5.9607e+02	6.3894e+00
5.1800e+03	8.7679e+02	-4.3671e+01	5.9075e+02	8.2933e+00
5.1900e+03	8.7680e+02	-2.6651e+01	5.7983e+02	9.5398e+00
5.2000e+03	8.7682e+02	-1.6259e+01	5.7317e+02	9.8695e+00
5.2100e+03	8.7680e+02	-2.8338e+01	5.8091e+02	9.2420e+00
5.2200e+03	8.7680e+02	-4.4082e+01	5.9102e+02	7.7210e+00
5.2300e+03	8.7680e+02	-5.5259e+01	5.9819e+02	5.6784e+00
5.2400e+03	8.7680e+02	-5.8176e+01	6.0006e+02	5.2986e+00
5.2500e+03	8.7680e+02	-5.3010e+01	5.9675e+02	7.1301e+00
5.2600e+03	8.7680e+02	-4.3739e+01	5.9080e+02	9.1101e+00
5.2700e+03	8.7681e+02	-3.2684e+01	5.8371e+02	1.0691e+01
5.2800e+03	8.7681e+02	-2.4324e+01	5.7834e+02	1.1506e+01
5.2900e+03	8.7681e+02	-2.3602e+01	5.7788e+02	1.1412e+01
5.3000e+03	8.7680e+02	-2.9812e+01	5.8186e+02	1.0424e+01
5.3100e+03	8.7680e+02	-3.7351e+01	5.8670e+02	8.7662e+00
5.3200e+03	8.7680e+02	-4.0950e+01	5.8901e+02	7.0874e+00
5.3300e+03	8.7680e+02	-3.8623e+01	5.8752e+02	6.2269e+00
5.3400e+03	8.7681e+02	-3.6043e+01	5.8587e+02	5.7351e+00
5.3500e+03	8.7681e+02	-3.8954e+01	5.8773e+02	5.6752e+00
5.3600e+03	8.7680e+02	-4.6092e+01	5.9231e+02	5.7854e+00
5.3700e+03	8.7680e+02	-5.2026e+01	5.9612e+02	5.3536e+00
5.3800e+03	8.7680e+02	-5.4528e+01	5.9773e+02	4.4015e+00
5.3900e+03	8.7681e+02	-5.5290e+01	5.9822e+02	3.0392e+00
5.4000e+03	8.7681e+02	-5.6858e+01	5.9922e+02	1.4937e+00
5.4100e+03	8.7680e+02	-5.9007e+01	6.0060e+02	1.3222e-01
5.4200e+03	8.7680e+02	-5.9430e+01	6.0087e+02	0.0000e+00
5.4300e+03	8.7680e+02	-5.4842e+01	5.9792e+02	0.0000e+00
5.4400e+03	8.7680e+02	-3.9537e+01	5.8810e+02	0.0000e+00
5.4500e+03	8.7682e+02	-3.0377e+01	5.8224e+02	2.9715e-01
5.4600e+03	8.7679e+02	-4.5663e+01	5.9203e+02	7.1625e-01
5.4700e+03	8.7680e+02	-5.3994e+01	5.9738e+02	1.0653e+00
5.4800e+03	8.7680e+02	-5.4962e+01	5.9800e+02	1.3133e+00
5.4900e+03	8.7680e+02	-5.2286e+01	5.9629e+02	2.6552e+00
