 -1.52000000e-09  -8.77572409e-10  -6.20537402e-10
 -1.14000000e-09  -8.77572409e-10  -6.20537402e-10
 -7.60000000e-10  -8.77572409e-10  -6.20537402e-10
 -3.80000000e-10  -8.77572409e-10  -6.20537402e-10
  0.00000000e+00  -8.77572409e-10  -6.20537402e-10
 -1.33000000e-09  -5.48482756e-10  -6.20537402e-10
 -9.50000000e-10  -5.48482756e-10  -6.20537402e-10
 -5.70000000e-10  -5.48482756e-10  -6.20537402e-10
 -1.90000000e-10  -5.48482756e-10  -6.20537402e-10
  1.90000000e-10  -5.48482756e-10  -6.20537402e-10
 -1.14000000e-09  -2.19393102e-10  -6.20537402e-10
 -7.60000000e-10  -2.19393102e-10  -6.20537402e-10
 -3.80000000e-10  -2.19393102e-10  -6.20537402e-10
  0.00000000e+00  -2.19393102e-10  -6.20537402e-10
  3.80000000e-10  -2.19393102e-10  -6.20537402e-10
 -9.50000000e-10   1.09696551e-10  -6.20537402e-10
 -5.70000000e-10   1.09696551e-10  -6.20537402e-10
 -1.90000000e-10   1.09696551e-10  -6.20537402e-10
  1.90000000e-10   1.09696551e-10  -6.20537402e-10
  5.70000000e-10   1.09696551e-10  -6.20537402e-10
 -7.60000000e-10   4.38786205e-10  -6.20537402e-10
 -3.80000000e-10   4.38786205e-10  -6.20537402e-10
  0.00000000e+00   4.38786205e-10  -6.20537402e-10
  3.80000000e-10   4.38786205e-10  -6.20537402e-10
  7.60000000e-10   4.38786205e-10  -6.20537402e-10
 -1.33000000e-09  -7.67875858e-10  -3.10268701e-10
 -9.50000000e-10  -7.67875858e-10  -3.10268701e-10
 -5.70000000e-10  -7.67875858e-10  -3.10268701e-10
 -1.90000000e-10  -7.67875858e-10  -3.10268701e-10
  1.90000000e-10  -7.67875858e-10  -3.10268701e-10
 -1.14000000e-09  -4.38786205e-10  -3.10268701e-10
 -7.60000000e-10  -4.38786205e-10  -3.10268701e-10
 -3.80000000e-10  -4.38786205e-10  -3.10268701e-10
  0.00000000e+00  -4.38786205e-10  -3.10268701e-10
  3.80000000e-10  -4.38786205e-10  -3.10268701e-10
 -9.50000000e-10  -1.09696551e-10  -3.10268701e-10
 -5.70000000e-10  -1.09696551e-10  -3.10268701e-10
 -1.90000000e-10  -1.09696551e-10  -3.10268701e-10
  1.90000000e-10  -1.09696551e-10  -3.10268701e-10
  5.70000000e-10  -1.09696551e-10  -3.10268701e-10
 -7.60000000e-10   2.19393102e-10  -3.10268701e-10
 -3.80000000e-10   2.19393102e-10  -3.10268701e-10
  0.00000000e+00   2.19393102e-10  -3.10268701e-10
  3.80000000e-10   2.19393102e-10  -3.10268701e-10
  7.60000000e-10   2.19393102e-10  -3.10268701e-10
 -5.70000000e-10   5.48482756e-10  -3.10268701e-10
 -1.90000000e-10   5.48482756e-10  -3.10268701e-10
  1.90000000e-10   5.48482756e-10  -3.10268701e-10
  5.70000000e-10   5.48482756e-10  -3.10268701e-10
  9.50000000e-10   5.48482756e-10  -3.10268701e-10
 -1.14000000e-09  -6.58179307e-10   0.00000000e+00
 -7.60000000e-10  -6.58179307e-10   0.00000000e+00
 -3.80000000e-10  -6.58179307e-10   0.00000000e+00
  0.00000000e+00  -6.58179307e-10   0.00000000e+00
  3.80000000e-10  -6.58179307e-10   0.00000000e+00
 -9.50000000e-10  -3.29089653e-10   0.00000000e+00
 -5.70000000e-10  -3.29089653e-10   0.00000000e+00
 -1.90000000e-10  -3.29089653e-10   0.00000000e+00
  1.90000000e-10  -3.29089653e-10   0.00000000e+00
  5.70000000e-10  -3.29089653e-10   0.00000000e+00
 -7.60000000e-10   0.00000000e+00   0.00000000e+00
 -3.80000000e-10   0.00000000e+00   0.00000000e+00
  0.00000000e+00   0.00000000e+00   0.00000000e+00
  3.80000000e-10   0.00000000e+00   0.00000000e+00
  7.60000000e-10   0.00000000e+00   0.00000000e+00
 -5.70000000e-10   3.29089653e-10   0.00000000e+00
 -1.90000000e-10   3.29089653e-10   0.00000000e+00
  1.90000000e-10   3.29089653e-10   0.00000000e+00
  5.70000000e-10   3.29089653e-10   0.00000000e+00
  9.50000000e-10   3.29089653e-10   0.00000000e+00
 -3.80000000e-10   6.58179307e-10   0.00000000e+00
  0.00000000e+00   6.58179307e-10   0.00000000e+00
  3.80000000e-10   6.58179307e-10   0.00000000e+00
  7.60000000e-10   6.58179307e-10   0.00000000e+00
  1.14000000e-09   6.58179307e-10   0.00000000e+00
 -9.50000000e-10  -5.48482756e-10   3.10268701e-10
 -5.70000000e-10  -5.48482756e-10   3.10268701e-10
 -1.90000000e-10  -5.48482756e-10   3.10268701e-10
  1.90000000e-10  -5.48482756e-10   3.10268701e-10
  5.70000000e-10  -5.48482756e-10   3.10268701e-10
 -7.60000000e-10  -2.19393102e-10   3.10268701e-10
 -3.80000000e-10  -2.19393102e-10   3.10268701e-10
  0.00000000e+00  -2.19393102e-10   3.10268701e-10
  3.80000000e-10  -2.19393102e-10   3.10268701e-10
  7.60000000e-10  -2.19393102e-10   3.10268701e-10
 -5.70000000e-10   1.09696551e-10   3.10268701e-10
 -1.90000000e-10   1.09696551e-10   3.10268701e-10
  1.90000000e-10   1.09696551e-10   3.10268701e-10
  5.70000000e-10   1.09696551e-10   3.10268701e-10
  9.50000000e-10   1.09696551e-10   3.10268701e-10
 -3.80000000e-10   4.38786205e-10   3.10268701e-10
  0.00000000e+00   4.38786205e-10   3.10268701e-10
  3.80000000e-10   4.38786205e-10   3.10268701e-10
  7.60000000e-10   4.38786205e-10   3.10268701e-10
  1.14000000e-09   4.38786205e-10   3.10268701e-10
 -1.90000000e-10   7.67875858e-10   3.10268701e-10
  1.90000000e-10   7.67875858e-10   3.10268701e-10
  5.70000000e-10   7.67875858e-10   3.10268701e-10
  9.50000000e-10   7.67875858e-10   3.10268701e-10
  1.33000000e-09   7.67875858e-10   3.10268701e-10
 -7.60000000e-10  -4.38786205e-10   6.20537402e-10
 -3.80000000e-10  -4.38786205e-10   6.20537402e-10
  0.00000000e+00  -4.38786205e-10   6.20537402e-10
  3.80000000e-10  -4.38786205e-10   6.20537402e-10
  7.60000000e-10  -4.38786205e-10   6.20537402e-10
 -5.70000000e-10  -1.09696551e-10   6.20537402e-10
 -1.90000000e-10  -1.09696551e-10   6.20537402e-10
  1.90000000e-10  -1.09696551e-10   6.20537402e-10
  5.70000000e-10  -1.09696551e-10   6.20537402e-10
  9.50000000e-10  -1.09696551e-10   6.20537402e-10
 -3.80000000e-10   2.19393102e-10   6.20537402e-10
  0.00000000e+00   2.19393102e-10   6.20537402e-10
  3.80000000e-10   2.19393102e-10   6.20537402e-10
  7.60000000e-10   2.19393102e-10   6.20537402e-10
  1.14000000e-09   2.19393102e-10   6.20537402e-10
 -1.90000000e-10   5.48482756e-10   6.20537402e-10
  1.90000000e-10   5.48482756e-10   6.20537402e-10
  5.70000000e-10   5.48482756e-10   6.20537402e-10
  9.50000000e-10   5.48482756e-10   6.20537402e-10
  1.33000000e-09   5.48482756e-10   6.20537402e-10
  0.00000000e+00   8.77572409e-10   6.20537402e-10
  3.80000000e-10   8.77572409e-10   6.20537402e-10
  7.60000000e-10   8.77572409e-10   6.20537402e-10
  1.14000000e-09   8.77572409e-10   6.20537402e-10
  1.52000000e-09   8.77572409e-10   6.20537402e-10