-1.491999999999999993e+00 -8.614066016309216423e-01 -6.091064493720835804e-01
-1.118999999999999995e+00 -8.614066016309216423e-01 -6.091064493720835804e-01
-7.459999999999999964e-01 -8.614066016309216423e-01 -6.091064493720835804e-01
-3.729999999999999982e-01 -8.614066016309216423e-01 -6.091064493720835804e-01
0.000000000000000000e+00 -8.614066016309216423e-01 -6.091064493720835804e-01
-1.305499999999999883e+00 -5.383791260193260264e-01 -6.091064493720835804e-01
-9.324999999999999956e-01 -5.383791260193260264e-01 -6.091064493720835804e-01
-5.594999999999999973e-01 -5.383791260193260264e-01 -6.091064493720835804e-01
-1.864999999999999991e-01 -5.383791260193260264e-01 -6.091064493720835804e-01
1.864999999999999991e-01 -5.383791260193260264e-01 -6.091064493720835804e-01
-1.118999999999999995e+00 -2.153516504077304106e-01 -6.091064493720835804e-01
-7.459999999999999964e-01 -2.153516504077304106e-01 -6.091064493720835804e-01
-3.729999999999999982e-01 -2.153516504077304106e-01 -6.091064493720835804e-01
0.000000000000000000e+00 -2.153516504077304106e-01 -6.091064493720835804e-01
3.729999999999999982e-01 -2.153516504077304106e-01 -6.091064493720835804e-01
-9.324999999999999956e-01 1.076758252038652053e-01 -6.091064493720835804e-01
-5.594999999999999973e-01 1.076758252038652053e-01 -6.091064493720835804e-01
-1.864999999999999991e-01 1.076758252038652053e-01 -6.091064493720835804e-01
1.864999999999999991e-01 1.076758252038652053e-01 -6.091064493720835804e-01
5.594999999999999973e-01 1.076758252038652053e-01 -6.091064493720835804e-01
-7.459999999999999964e-01 4.307033008154608211e-01 -6.091064493720835804e-01
-3.729999999999999982e-01 4.307033008154608211e-01 -6.091064493720835804e-01
0.000000000000000000e+00 4.307033008154608211e-01 -6.091064493720835804e-01
3.729999999999999982e-01 4.307033008154608211e-01 -6.091064493720835804e-01
7.459999999999999964e-01 4.307033008154608211e-01 -6.091064493720835804e-01
-1.305499999999999883e+00 -7.537307764270564370e-01 -3.045532246860417902e-01
-9.324999999999999956e-01 -7.537307764270564370e-01 -3.045532246860417902e-01
-5.594999999999999973e-01 -7.537307764270564370e-01 -3.045532246860417902e-01
-1.864999999999999991e-01 -7.537307764270564370e-01 -3.045532246860417902e-01
1.864999999999999991e-01 -7.537307764270564370e-01 -3.045532246860417902e-01
-1.118999999999999995e+00 -4.307033008154608211e-01 -3.045532246860417902e-01
-7.459999999999999964e-01 -4.307033008154608211e-01 -3.045532246860417902e-01
-3.729999999999999982e-01 -4.307033008154608211e-01 -3.045532246860417902e-01
0.000000000000000000e+00 -4.307033008154608211e-01 -3.045532246860417902e-01
3.729999999999999982e-01 -4.307033008154608211e-01 -3.045532246860417902e-01
-9.324999999999999956e-01 -1.076758252038652053e-01 -3.045532246860417902e-01
-5.594999999999999973e-01 -1.076758252038652053e-01 -3.045532246860417902e-01
-1.864999999999999991e-01 -1.076758252038652053e-01 -3.045532246860417902e-01
1.864999999999999991e-01 -1.076758252038652053e-01 -3.045532246860417902e-01
5.594999999999999973e-01 -1.076758252038652053e-01 -3.045532246860417902e-01
-7.459999999999999964e-01 2.153516504077304106e-01 -3.045532246860417902e-01
-3.729999999999999982e-01 2.153516504077304106e-01 -3.045532246860417902e-01
0.000000000000000000e+00 2.153516504077304106e-01 -3.045532246860417902e-01
3.729999999999999982e-01 2.153516504077304106e-01 -3.045532246860417902e-01
7.459999999999999964e-01 2.153516504077304106e-01 -3.045532246860417902e-01
-5.594999999999999973e-01 5.383791260193260264e-01 -3.045532246860417902e-01
-1.864999999999999991e-01 5.383791260193260264e-01 -3.045532246860417902e-01
1.864999999999999991e-01 5.383791260193260264e-01 -3.045532246860417902e-01
5.594999999999999973e-01 5.383791260193260264e-01 -3.045532246860417902e-01
9.324999999999999956e-01 5.383791260193260264e-01 -3.045532246860417902e-01
-1.118999999999999995e+00 -6.460549512231912317e-01 0.000000000000000000e+00
-7.459999999999999964e-01 -6.460549512231912317e-01 0.000000000000000000e+00
-3.729999999999999982e-01 -6.460549512231912317e-01 0.000000000000000000e+00
0.000000000000000000e+00 -6.460549512231912317e-01 0.000000000000000000e+00
3.729999999999999982e-01 -6.460549512231912317e-01 0.000000000000000000e+00
-9.324999999999999956e-01 -3.230274756115956158e-01 0.000000000000000000e+00
-5.594999999999999973e-01 -3.230274756115956158e-01 0.000000000000000000e+00
-1.864999999999999991e-01 -3.230274756115956158e-01 0.000000000000000000e+00
1.864999999999999991e-01 -3.230274756115956158e-01 0.000000000000000000e+00
5.594999999999999973e-01 -3.230274756115956158e-01 0.000000000000000000e+00
-7.459999999999999964e-01 0.000000000000000000e+00 0.000000000000000000e+00
-3.729999999999999982e-01 0.000000000000000000e+00 0.000000000000000000e+00
0.000000000000000000e+00 0.000000000000000000e+00 0.000000000000000000e+00
3.729999999999999982e-01 0.000000000000000000e+00 0.000000000000000000e+00
7.459999999999999964e-01 0.000000000000000000e+00 0.000000000000000000e+00
-5.594999999999999973e-01 3.230274756115956158e-01 0.000000000000000000e+00
-1.864999999999999991e-01 3.230274756115956158e-01 0.000000000000000000e+00
1.864999999999999991e-01 3.230274756115956158e-01 0.000000000000000000e+00
5.594999999999999973e-01 3.230274756115956158e-01 0.000000000000000000e+00
9.324999999999999956e-01 3.230274756115956158e-01 0.000000000000000000e+00
-3.729999999999999982e-01 6.460549512231912317e-01 0.000000000000000000e+00
0.000000000000000000e+00 6.460549512231912317e-01 0.000000000000000000e+00
3.729999999999999982e-01 6.460549512231912317e-01 0.000000000000000000e+00
7.459999999999999964e-01 6.460549512231912317e-01 0.000000000000000000e+00
1.118999999999999995e+00 6.460549512231912317e-01 0.000000000000000000e+00
-9.324999999999999956e-01 -5.383791260193260264e-01 3.045532246860417902e-01
-5.594999999999999973e-01 -5.383791260193260264e-01 3.045532246860417902e-01
-1.864999999999999991e-01 -5.383791260193260264e-01 3.045532246860417902e-01
1.864999999999999991e-01 -5.383791260193260264e-01 3.045532246860417902e-01
5.594999999999999973e-01 -5.383791260193260264e-01 3.045532246860417902e-01
-7.459999999999999964e-01 -2.153516504077304106e-01 3.045532246860417902e-01
-3.729999999999999982e-01 -2.153516504077304106e-01 3.045532246860417902e-01
0.000000000000000000e+00 -2.153516504077304106e-01 3.045532246860417902e-01
3.729999999999999982e-01 -2.153516504077304106e-01 3.045532246860417902e-01
7.459999999999999964e-01 -2.153516504077304106e-01 3.045532246860417902e-01
-5.594999999999999973e-01 1.076758252038652053e-01 3.045532246860417902e-01
-1.864999999999999991e-01 1.076758252038652053e-01 3.045532246860417902e-01
1.864999999999999991e-01 1.076758252038652053e-01 3.045532246860417902e-01
5.594999999999999973e-01 1.076758252038652053e-01 3.045532246860417902e-01
9.324999999999999956e-01 1.076758252038652053e-01 3.045532246860417902e-01
-3.729999999999999982e-01 4.307033008154608211e-01 3.045532246860417902e-01
0.000000000000000000e+00 4.307033008154608211e-01 3.045532246860417902e-01
3.729999999999999982e-01 4.307033008154608211e-01 3.045532246860417902e-01
7.459999999999999964e-01 4.307033008154608211e-01 3.045532246860417902e-01
1.118999999999999995e+00 4.307033008154608211e-01 3.045532246860417902e-01
-1.864999999999999991e-01 7.537307764270564370e-01 3.045532246860417902e-01
1.864999999999999991e-01 7.537307764270564370e-01 3.045532246860417902e-01
5.594999999999999973e-01 7.537307764270564370e-01 3.045532246860417902e-01
9.324999999999999956e-01 7.537307764270564370e-01 3.045532246860417902e-01
1.305499999999999883e+00 7.537307764270564370e-01 3.045532246860417902e-01
-7.459999999999999964e-01 -4.307033008154608211e-01 6.091064493720835804e-01
-3.729999999999999982e-01 -4.307033008154608211e-01 6.091064493720835804e-01
0.000000000000000000e+00 -4.307033008154608211e-01 6.091064493720835804e-01
3.729999999999999982e-01 -4.307033008154608211e-01 6.091064493720835804e-01
7.459999999999999964e-01 -4.307033008154608211e-01 6.091064493720835804e-01
-5.594999999999999973e-01 -1.076758252038652053e-01 6.091064493720835804e-01
-1.864999999999999991e-01 -1.076758252038652053e-01 6.091064493720835804e-01
1.864999999999999991e-01 -1.076758252038652053e-01 6.091064493720835804e-01
5.594999999999999973e-01 -1.076758252038652053e-01 6.091064493720835804e-01
9.324999999999999956e-01 -1.076758252038652053e-01 6.091064493720835804e-01
-3.729999999999999982e-01 2.153516504077304106e-01 6.091064493720835804e-01
0.000000000000000000e+00 2.153516504077304106e-01 6.091064493720835804e-01
3.729999999999999982e-01 2.153516504077304106e-01 6.091064493720835804e-01
7.459999999999999964e-01 2.153516504077304106e-01 6.091064493720835804e-01
1.118999999999999995e+00 2.153516504077304106e-01 6.091064493720835804e-01
-1.864999999999999991e-01 5.383791260193260264e-01 6.091064493720835804e-01
1.864999999999999991e-01 5.383791260193260264e-01 6.091064493720835804e-01
5.594999999999999973e-01 5.383791260193260264e-01 6.091064493720835804e-01
9.324999999999999956e-01 5.383791260193260264e-01 6.091064493720835804e-01
1.305499999999999883e+00 5.383791260193260264e-01 6.091064493720835804e-01
0.000000000000000000e+00 8.614066016309216423e-01 6.091064493720835804e-01
3.729999999999999982e-01 8.614066016309216423e-01 6.091064493720835804e-01
7.459999999999999964e-01 8.614066016309216423e-01 6.091064493720835804e-01
1.118999999999999995e+00 8.614066016309216423e-01 6.091064493720835804e-01
1.491999999999999993e+00 8.614066016309216423e-01 6.091064493720835804e-01
