2.0000e-03	1.6445e+03	-6.7614e+02	1.4894e+03	0.0000e+00
1.0002e+01	1.6444e+03	-6.1734e+02	1.4516e+03	0.0000e+00
2.0002e+01	1.6443e+03	-3.9901e+02	1.3114e+03	0.0000e+00
3.0002e+01	1.6447e+03	-7.3830e+00	1.0603e+03	0.0000e+00
4.0002e+01	1.6446e+03	1.1853e+02	9.7941e+02	0.0000e+00
5.0002e+01	1.6445e+03	1.1101e+01	1.0483e+03	0.0000e+00
6.0002e+01	1.6444e+03	-1.1749e+02	1.1308e+03	0.0000e+00
7.0002e+01	1.6445e+03	-1.7369e+02	1.1669e+03	0.0000e+00
8.0002e+01	1.6445e+03	-1.9609e+02	1.1813e+03	0.0000e+00
9.0002e+01	1.6445e+03	-2.0985e+02	1.1901e+03	0.0000e+00
1.0000e+02	1.6445e+03	-2.0926e+02	1.1898e+03	0.0000e+00
1.1000e+02	1.6445e+03	-2.1259e+02	1.1919e+03	0.0000e+00
1.2000e+02	1.6446e+03	-2.2749e+02	1.2015e+03	0.0000e+00
1.3000e+02	1.6445e+03	-2.6401e+02	1.2249e+03	0.0000e+00
1.4000e+02	1.6445e+03	-2.9092e+02	1.2422e+03	0.0000e+00
1.5000e+02	1.6446e+03	-2.9874e+02	1.2472e+03	0.0000e+00
1.6000e+02	1.6446e+03	-3.0377e+02	1.2504e+03	0.0000e+00
1.7000e+02	1.6446e+03	-3.0826e+02	1.2533e+03	0.0000e+00
1.8000e+02	1.6446e+03	-3.0386e+02	1.2505e+03	0.0000e+00
1.9000e+02	1.6446e+03	-2.8990e+02	1.2415e+03	0.0000e+00
2.0000e+02	1.6446e+03	-2.7625e+02	1.2328e+03	0.0000e+00
2.1000e+02	1.6446e+03	-2.7337e+02	1.2309e+03	0.0000e+00
2.2000e+02	1.6446e+03	-2.6820e+02	1.2276e+03	0.0000e+00
2.3000e+02	1.6446e+03	-2.5807e+02	1.2211e+03	0.0000e+00
2.4000e+02	1.6446e+03	-2.4720e+02	1.2141e+03	0.0000e+00
2.5000e+02	1.6446e+03	-2.3904e+02	1.2089e+03	8.8027e-01
2.6000e+02	1.6446e+03	-2.3035e+02	1.2033e+03	4.4441e+00
2.7000e+02	1.6446e+03	-2.1754e+02	1.1951e+03	7.5881e+00
2.8000e+02	1.6446e+03	-2.0135e+02	1.1847e+03	1.0000e+01
2.9000e+02	1.6446e+03	-1.8606e+02	1.1749e+03	1.1440e+01
3.0000e+02	1.6446e+03	-1.7566e+02	1.1682e+03	1.1766e+01
3.1000e+02	1.6446e+03	-1.7101e+02	1.1652e+03	1.0972e+01
3.2000e+02	1.6446e+03	-1.6867e+02	1.1637e+03	9.6507e+00
3.3000e+02	1.6446e+03	-1.6689e+02	1.1626e+03	8.3991e+00
3.4000e+02	1.6446e+03	-1.6397e+02	1.1607e+03	8.0211e+00
3.5000e+02	1.6446e+03	-1.5015e+02	1.1518e+03	1.0580e+01
3.6000e+02	1.6446e+03	-1.2948e+02	1.1386e+03	1.3727e+01
3.7000e+02	1.6446e+03	-1.1016e+02	1.1262e+03	1.5991e+01
3.8000e+02	1.6446e+03	-9.8215e+01	1.1185e+03	1.6964e+01
3.9000e+02	1.6446e+03	-9.6600e+01	1.1175e+03	1.6497e+01
4.0000e+02	1.6446e+03	-1.0408e+02	1.1223e+03	1.4657e+01
4.1000e+02	1.6446e+03	-1.1587e+02	1.1298e+03	1.1715e+01
4.2000e+02	1.6446e+03	-1.2733e+02	1.1372e+03	7.7304e+00
4.3000e+02	1.6445e+03	-1.3242e+02	1.1405e+03	2.9797e+00
4.4000e+02	1.6446e+03	-1.2722e+02	1.1371e+03	0.0000e+00
4.5000e+02	1.6446e+03	-1.1830e+02	1.1314e+03	0.0000e+00
4.6000e+02	1.6446e+03	-1.0562e+02	1.1233e+03	4.3175e+00
4.7000e+02	1.6445e+03	-8.8337e+01	1.1122e+03	8.2280e+00
4.8000e+02	1.6446e+03	-5.9507e+01	1.0937e+03	1.1342e+01
4.9000e+02	1.6446e+03	-3.7447e+01	1.0795e+03	1.3351e+01
5.0000e+02	1.6446e+03	-5.0768e+01	1.0881e+03	1.4055e+01
5.1000e+02	1.6446e+03	-6.7910e+01	1.0991e+03	1.3471e+01
5.2000e+02	1.6446e+03	-7.5813e+01	1.1041e+03	1.2272e+01
5.3000e+02	1.6446e+03	-7.2262e+01	1.1018e+03	1.2180e+01
5.4000e+02	1.6446e+03	-5.7542e+01	1.0924e+03	1.3650e+01
5.5000e+02	1.6446e+03	-2.1862e+01	1.0695e+03	1.7793e+01
5.6000e+02	1.6446e+03	2.3792e+01	1.0402e+03	2.2468e+01
5.7000e+02	1.6446e+03	6.1151e+01	1.0162e+03	2.5865e+01
5.8000e+02	1.6446e+03	7.9926e+01	1.0042e+03	2.7313e+01
5.9000e+02	1.6446e+03	7.4806e+01	1.0075e+03	2.6594e+01
6.0000e+02	1.6446e+03	4.9063e+01	1.0240e+03	2.4040e+01
6.1000e+02	1.6446e+03	1.1402e+01	1.0482e+03	2.0233e+01
6.2000e+02	1.6446e+03	-2.4688e+01	1.0713e+03	1.5945e+01
6.3000e+02	1.6446e+03	-4.9012e+01	1.0869e+03	1.1967e+01
6.4000e+02	1.6446e+03	-5.2240e+01	1.0890e+03	1.0693e+01
6.5000e+02	1.6446e+03	-4.3407e+01	1.0834e+03	1.1371e+01
6.6000e+02	1.6446e+03	-2.6767e+01	1.0727e+03	1.3175e+01
6.7000e+02	1.6446e+03	-8.0774e+00	1.0607e+03	1.5504e+01
6.8000e+02	1.6446e+03	4.5605e+00	1.0526e+03	1.7521e+01
6.9000e+02	1.6446e+03	8.1117e+00	1.0503e+03	1.8465e+01
7.0000e+02	1.6446e+03	2.5150e+00	1.0539e+03	1.7967e+01
7.1000e+02	1.6446e+03	-7.5522e-01	1.0560e+03	1.6325e+01
7.2000e+02	1.6446e+03	2.1940e+01	1.0414e+03	1.4618e+01
7.3000e+02	1.6446e+03	3.5753e+01	1.0326e+03	1.4693e+01
7.4000e+02	1.6445e+03	2.6294e+01	1.0386e+03	1.7148e+01
7.5000e+02	1.6446e+03	4.8138e+01	1.0246e+03	2.1314e+01
7.6000e+02	1.6446e+03	7.6512e+01	1.0064e+03	2.5038e+01
7.7000e+02	1.6446e+03	9.5951e+01	9.9392e+02	2.7009e+01
7.8000e+02	1.6446e+03	9.5750e+01	9.9405e+02	2.6919e+01
7.9000e+02	1.6446e+03	7.6501e+01	1.0064e+03	2.4843e+01
8.0000e+02	1.6446e+03	4.8402e+01	1.0244e+03	2.1277e+01
8.1000e+02	1.6446e+03	1.7790e+01	1.0441e+03	1.7252e+01
8.2000e+02	1.6446e+03	-9.8673e+00	1.0618e+03	1.4399e+01
8.3000e+02	1.6446e+03	-1.6263e+01	1.0659e+03	1.4037e+01
8.4000e+02	1.6446e+03	2.6725e+00	1.0538e+03	1.5930e+01
8.5000e+02	1.6446e+03	2.0312e+01	1.0425e+03	1.7434e+01
8.6000e+02	1.6446e+03	2.9262e+01	1.0367e+03	1.8314e+01
8.7000e+02	1.6446e+03	3.1868e+01	1.0350e+03	1.8800e+01
8.8000e+02	1.6446e+03	2.3267e+01	1.0406e+03	1.9004e+01
8.9000e+02	1.6446e+03	2.7383e+01	1.0379e+03	1.9579e+01
9.0000e+02	1.6446e+03	5.0580e+01	1.0230e+03	2.0859e+01
9.1000e+02	1.6446e+03	7.6177e+01	1.0066e+03	2.2257e+01
9.2000e+02	1.6446e+03	8.4362e+01	1.0014e+03	2.2881e+01
9.3000e+02	1.6446e+03	7.6560e+01	1.0064e+03	2.2260e+01
9.4000e+02	1.6446e+03	6.2280e+01	1.0155e+03	2.0649e+01
9.5000e+02	1.6446e+03	5.4194e+01	1.0207e+03	1.8588e+01
9.6000e+02	1.6446e+03	2.5201e+01	1.0393e+03	1.6466e+01
9.7000e+02	1.6446e+03	7.5701e+00	1.0506e+03	1.5151e+01
9.8000e+02	1.6446e+03	1.1281e+01	1.0483e+03	1.5493e+01
9.9000e+02	1.6446e+03	1.2285e+01	1.0476e+03	1.6479e+01
1.0000e+03	1.6446e+03	1.0191e+01	1.0490e+03	1.7089e+01
1.0100e+03	1.6446e+03	8.4233e+00	1.0501e+03	1.6929e+01
1.0200e+03	1.6446e+03	1.0461e+01	1.0488e+03	1.6401e+01
1.0300e+03	1.6446e+03	2.1978e+01	1.0414e+03	1.6268e+01
1.0400e+03	1.6446e+03	3.8570e+01	1.0308e+03	1.6821e+01
1.0500e+03	1.6446e+03	4.1564e+01	1.0288e+03	1.7662e+01
1.0600e+03	1.6446e+03	3.7738e+01	1.0313e+03	1.8362e+01
1.0700e+03	1.6446e+03	3.4608e+01	1.0333e+03	1.8490e+01
1.0800e+03	1.6446e+03	2.9414e+01	1.0366e+03	1.7806e+01
1.0900e+03	1.6446e+03	1.9959e+01	1.0427e+03	1.6459e+01
1.1000e+03	1.6446e+03	8.3711e+00	1.0501e+03	1.4881e+01
1.1100e+03	1.6446e+03	-1.3280e+00	1.0564e+03	1.3598e+01
1.1200e+03	1.6446e+03	-6.9214e+00	1.0599e+03	1.2869e+01
1.1300e+03	1.6446e+03	-8.4738e+00	1.0609e+03	1.2553e+01
1.1400e+03	1.6446e+03	-1.7142e+00	1.0566e+03	1.2774e+01
1.1500e+03	1.6446e+03	7.1528e+00	1.0509e+03	1.3640e+01
1.1600e+03	1.6446e+03	6.0389e+00	1.0516e+03	1.4583e+01
1.1700e+03	1.6446e+03	1.9896e+01	1.0427e+03	1.5104e+01
1.1800e+03	1.6446e+03	4.2147e+01	1.0285e+03	1.4886e+01
1.1900e+03	1.6446e+03	1.0610e+01	1.0487e+03	1.3952e+01
1.2000e+03	1.6446e+03	-1.9380e+01	1.0679e+03	1.2459e+01
1.2100e+03	1.6446e+03	-3.0553e+01	1.0751e+03	1.0639e+01
1.2200e+03	1.6446e+03	-2.6418e+01	1.0725e+03	9.6013e+00
1.2300e+03	1.6446e+03	-9.2165e+00	1.0614e+03	1.0099e+01
1.2400e+03	1.6446e+03	4.4034e+00	1.0527e+03	1.1178e+01
1.2500e+03	1.6446e+03	1.8193e+01	1.0438e+03	1.2980e+01
1.2600e+03	1.6446e+03	3.9297e+01	1.0303e+03	1.5511e+01
1.2700e+03	1.6446e+03	4.6759e+01	1.0255e+03	1.7963e+01
1.2800e+03	1.6446e+03	4.6596e+01	1.0256e+03	1.9580e+01
1.2900e+03	1.6446e+03	4.2896e+01	1.0280e+03	1.9968e+01
1.3000e+03	1.6446e+03	2.9587e+01	1.0365e+03	1.9001e+01
1.3100e+03	1.6446e+03	8.8340e+00	1.0498e+03	1.6885e+01
1.3200e+03	1.6446e+03	-1.2710e+01	1.0637e+03	1.3720e+01
1.3300e+03	1.6446e+03	-2.7051e+01	1.0729e+03	1.0149e+01
1.3400e+03	1.6446e+03	-2.4862e+01	1.0715e+03	7.7206e+00
1.3500e+03	1.6446e+03	-8.7966e+00	1.0612e+03	7.1216e+00
1.3600e+03	1.6446e+03	-3.0238e+00	1.0574e+03	8.0722e+00
1.3700e+03	1.6446e+03	1.9557e+00	1.0543e+03	9.3929e+00
1.3800e+03	1.6446e+03	1.4534e+00	1.0546e+03	1.0869e+01
1.3900e+03	1.6446e+03	-5.2934e+00	1.0589e+03	1.2101e+01
1.4000e+03	1.6446e+03	-8.4127e+00	1.0609e+03	1.2813e+01
1.4100e+03	1.6446e+03	-8.7225e+00	1.0611e+03	1.2767e+01
1.4200e+03	1.6446e+03	-8.8627e+00	1.0612e+03	1.1956e+01
1.4300e+03	1.6446e+03	-7.3350e+00	1.0602e+03	1.0494e+01
1.4400e+03	1.6446e+03	-1.3475e+01	1.0642e+03	8.6237e+00
1.4500e+03	1.6446e+03	-2.2794e+01	1.0701e+03	6.9046e+00
1.4600e+03	1.6446e+03	-2.1447e+01	1.0693e+03	5.7655e+00
1.4700e+03	1.6446e+03	-1.7085e+01	1.0665e+03	5.2005e+00
1.4800e+03	1.6446e+03	-2.2349e+01	1.0699e+03	5.0304e+00
1.4900e+03	1.6446e+03	-3.3616e+01	1.0771e+03	5.1848e+00
1.5000e+03	1.6446e+03	-4.5696e+01	1.0848e+03	5.1817e+00
1.5100e+03	1.6446e+03	-5.4066e+01	1.0902e+03	5.0170e+00
1.5200e+03	1.6446e+03	-5.5898e+01	1.0914e+03	4.9676e+00
1.5300e+03	1.6446e+03	-5.1268e+01	1.0884e+03	5.3418e+00
1.5400e+03	1.6446e+03	-4.1613e+01	1.0822e+03	6.0821e+00
1.5500e+03	1.6446e+03	-3.0079e+01	1.0748e+03	7.2692e+00
1.5600e+03	1.6446e+03	-2.2472e+01	1.0699e+03	8.6544e+00
1.5700e+03	1.6446e+03	-2.0144e+01	1.0684e+03	9.7932e+00
1.5800e+03	1.6446e+03	-2.0979e+01	1.0690e+03	1.0254e+01
1.5900e+03	1.6446e+03	-2.3926e+01	1.0709e+03	9.8711e+00
1.6000e+03	1.6446e+03	-2.6650e+01	1.0726e+03	8.8104e+00
1.6100e+03	1.6446e+03	-2.6800e+01	1.0727e+03	7.7798e+00
1.6200e+03	1.6446e+03	-2.7488e+01	1.0731e+03	7.1732e+00
1.6300e+03	1.6446e+03	-2.4841e+01	1.0714e+03	7.1693e+00
1.6400e+03	1.6446e+03	-1.4593e+01	1.0649e+03	7.3902e+00
1.6500e+03	1.6446e+03	-1.9484e+01	1.0680e+03	7.3125e+00
1.6600e+03	1.6446e+03	-2.5059e+01	1.0716e+03	6.7408e+00
1.6700e+03	1.6446e+03	-2.6340e+01	1.0724e+03	5.8100e+00
1.6800e+03	1.6446e+03	-2.5078e+01	1.0716e+03	4.7917e+00
1.6900e+03	1.6446e+03	-6.0378e+00	1.0594e+03	4.1484e+00
1.7000e+03	1.6446e+03	1.2269e+01	1.0477e+03	4.0849e+00
1.7100e+03	1.6446e+03	-1.3135e+01	1.0639e+03	3.8618e+00
1.7200e+03	1.6446e+03	-2.3874e+01	1.0708e+03	3.9649e+00
1.7300e+03	1.6446e+03	-2.6175e+01	1.0723e+03	4.9597e+00
1.7400e+03	1.6446e+03	-3.3426e+01	1.0770e+03	6.3739e+00
1.7500e+03	1.6446e+03	-3.7642e+01	1.0797e+03	7.5946e+00
1.7600e+03	1.6446e+03	-3.2524e+01	1.0764e+03	8.2196e+00
1.7700e+03	1.6446e+03	5.2831e+00	1.0521e+03	8.2334e+00
1.7800e+03	1.6446e+03	3.6002e+01	1.0324e+03	7.8166e+00
1.7900e+03	1.6446e+03	-5.8510e+00	1.0592e+03	7.0904e+00
1.8000e+03	1.6446e+03	-1.4237e+01	1.0646e+03	6.2897e+00
1.8100e+03	1.6446e+03	-2.2772e+01	1.0701e+03	5.7807e+00
1.8200e+03	1.6446e+03	-2.9175e+01	1.0742e+03	5.5416e+00
1.8300e+03	1.6446e+03	-3.1248e+01	1.0756e+03	5.7325e+00
1.8400e+03	1.6446e+03	-3.2487e+01	1.0764e+03	6.9309e+00
1.8500e+03	1.6446e+03	-2.4476e+01	1.0712e+03	9.4017e+00
1.8600e+03	1.6446e+03	-8.4930e+00	1.0610e+03	1.2011e+01
1.8700e+03	1.6446e+03	6.6134e+00	1.0513e+03	1.4148e+01
1.8800e+03	1.6446e+03	1.9785e+01	1.0428e+03	1.6088e+01
1.8900e+03	1.6446e+03	3.0876e+01	1.0357e+03	1.7661e+01
1.9000e+03	1.6446e+03	3.5080e+01	1.0330e+03	1.8603e+01
1.9100e+03	1.6446e+03	3.1780e+01	1.0351e+03	1.8636e+01
1.9200e+03	1.6446e+03	2.4855e+01	1.0396e+03	1.7652e+01
1.9300e+03	1.6446e+03	1.6338e+01	1.0450e+03	1.5791e+01
1.9400e+03	1.6446e+03	5.4961e+00	1.0520e+03	1.3121e+01
1.9500e+03	1.6446e+03	-9.9671e+00	1.0619e+03	9.5610e+00
1.9600e+03	1.6446e+03	-2.5970e+01	1.0722e+03	5.6217e+00
1.9700e+03	1.6446e+03	-3.7286e+01	1.0794e+03	2.8489e+00
1.9800e+03	1.6446e+03	-4.1788e+01	1.0823e+03	1.9483e+00
1.9900e+03	1.6446e+03	-3.8486e+01	1.0802e+03	2.5421e+00
2.0000e+03	1.6446e+03	-4.1010e+01	1.0818e+03	4.4050e+00
2.0100e+03	1.6446e+03	-4.1641e+01	1.0822e+03	6.8412e+00
2.0200e+03	1.6446e+03	-3.0767e+01	1.0753e+03	9.0074e+00
2.0300e+03	1.6446e+03	-1.9055e+01	1.0677e+03	1.0463e+01
2.0400e+03	1.6446e+03	-1.1171e+01	1.0627e+03	1.1739e+01
2.0500e+03	1.6446e+03	-5.0004e+00	1.0587e+03	1.3462e+01
2.0600e+03	1.6446e+03	-7.1747e-01	1.0560e+03	1.5008e+01
2.0700e+03	1.6446e+03	1.8779e+00	1.0543e+03	1.5996e+01
2.0800e+03	1.6446e+03	3.1522e+00	1.0535e+03	1.6406e+01
2.0900e+03	1.6446e+03	4.3251e+00	1.0527e+03	1.6137e+01
2.1000e+03	1.6446e+03	3.7136e+00	1.0531e+03	1.5129e+01
2.1100e+03	1.6446e+03	1.7237e+00	1.0544e+03	1.4256e+01
2.1200e+03	1.6446e+03	3.3966e+00	1.0533e+03	1.4106e+01
2.1300e+03	1.6446e+03	1.8907e+01	1.0434e+03	1.4795e+01
2.1400e+03	1.6446e+03	3.5959e+01	1.0324e+03	1.5611e+01
2.1500e+03	1.6446e+03	1.9607e+01	1.0429e+03	1.5314e+01
2.1600e+03	1.6446e+03	-1.1760e+01	1.0631e+03	1.3871e+01
2.1700e+03	1.6446e+03	-3.1304e+01	1.0756e+03	1.1436e+01
2.1800e+03	1.6446e+03	-3.8973e+01	1.0805e+03	8.0425e+00
2.1900e+03	1.6446e+03	-3.6617e+01	1.0790e+03	4.2900e+00
2.2000e+03	1.6446e+03	-2.7894e+01	1.0734e+03	2.4495e+00
2.2100e+03	1.6446e+03	-1.6891e+01	1.0664e+03	3.9163e+00
2.2200e+03	1.6446e+03	-1.2003e+01	1.0632e+03	6.7677e+00
2.2300e+03	1.6446e+03	-2.1993e+01	1.0696e+03	9.2066e+00
2.2400e+03	1.6446e+03	-2.7428e+01	1.0731e+03	1.0854e+01
2.2500e+03	1.6446e+03	-2.8249e+01	1.0736e+03	1.1531e+01
2.2600e+03	1.6446e+03	-1.9700e+01	1.0682e+03	1.1588e+01
2.2700e+03	1.6446e+03	-6.8938e+00	1.0600e+03	1.1261e+01
2.2800e+03	1.6446e+03	-1.2529e+01	1.0636e+03	1.0760e+01
2.2900e+03	1.6446e+03	-1.8834e+01	1.0676e+03	1.0275e+01
2.3000e+03	1.6446e+03	-2.8564e+01	1.0739e+03	9.9701e+00
2.3100e+03	1.6446e+03	-4.0026e+01	1.0812e+03	9.5540e+00
2.3200e+03	1.6446e+03	-4.7727e+01	1.0861e+03	8.4724e+00
2.3300e+03	1.6446e+03	-5.1406e+01	1.0885e+03	6.8513e+00
2.3400e+03	1.6446e+03	-5.2295e+01	1.0891e+03	5.4493e+00
2.3500e+03	1.6446e+03	-5.1538e+01	1.0886e+03	5.1044e+00
2.3600e+03	1.6446e+03	-4.9698e+01	1.0874e+03	5.1760e+00
2.3700e+03	1.6446e+03	-4.2468e+01	1.0828e+03	5.4194e+00
2.3800e+03	1.6446e+03	-2.4686e+01	1.0714e+03	5.8420e+00
2.3900e+03	1.6446e+03	-1.4076e+01	1.0646e+03	6.9590e+00
2.4000e+03	1.6446e+03	-1.3973e+01	1.0645e+03	8.8950e+00
2.4100e+03	1.6446e+03	-8.4395e+00	1.0609e+03	1.1319e+01
2.4200e+03	1.6446e+03	2.9186e-01	1.0553e+03	1.3531e+01
2.4300e+03	1.6446e+03	1.4898e+01	1.0460e+03	1.4910e+01
2.4400e+03	1.6446e+03	1.1981e+01	1.0478e+03	1.5137e+01
2.4500e+03	1.6446e+03	-4.1526e+00	1.0582e+03	1.4732e+01
2.4600e+03	1.6446e+03	-1.4209e+01	1.0646e+03	1.4007e+01
2.4700e+03	1.6446e+03	-1.7405e+01	1.0667e+03	1.3642e+01
2.4800e+03	1.6446e+03	-8.9858e+00	1.0613e+03	1.3890e+01
2.4900e+03	1.6447e+03	1.1304e+01	1.0483e+03	1.4246e+01
2.5000e+03	1.6446e+03	8.1775e-01	1.0550e+03	1.4068e+01
2.5100e+03	1.6446e+03	-1.9771e+01	1.0682e+03	1.2925e+01
2.5200e+03	1.6446e+03	-3.3343e+01	1.0769e+03	1.0761e+01
2.5300e+03	1.6446e+03	-4.3956e+01	1.0837e+03	7.9666e+00
2.5400e+03	1.6446e+03	-5.0892e+01	1.0882e+03	5.2464e+00
2.5500e+03	1.6446e+03	-5.4452e+01	1.0905e+03	2.9996e+00
2.5600e+03	1.6446e+03	-5.1724e+01	1.0887e+03	3.9686e+00
2.5700e+03	1.6446e+03	-4.5486e+01	1.0847e+03	5.6912e+00
2.5800e+03	1.6446e+03	-3.9290e+01	1.0807e+03	7.0738e+00
2.5900e+03	1.6446e+03	-2.9581e+01	1.0745e+03	8.8126e+00
2.6000e+03	1.6446e+03	-1.6413e+01	1.0661e+03	1.0625e+01
2.6100e+03	1.6446e+03	-1.1663e+01	1.0630e+03	1.1930e+01
2.6200e+03	1.6446e+03	-1.5523e+01	1.0655e+03	1.2427e+01
2.6300e+03	1.6446e+03	-2.0446e+01	1.0686e+03	1.2006e+01
2.6400e+03	1.6446e+03	-2.4162e+01	1.0710e+03	1.0725e+01
2.6500e+03	1.6446e+03	-2.3674e+01	1.0707e+03	9.2346e+00
2.6600e+03	1.6446e+03	-2.0983e+01	1.0690e+03	8.0835e+00
2.6700e+03	1.6446e+03	-1.7792e+01	1.0669e+03	7.8603e+00
2.6800e+03	1.6446e+03	-1.4982e+01	1.0651e+03	8.5699e+00
2.6900e+03	1.6446e+03	-1.2550e+01	1.0636e+03	9.5192e+00
2.7000e+03	1.6446e+03	-1.1558e+01	1.0629e+03	1.0298e+01
2.7100e+03	1.6446e+03	-1.2114e+01	1.0633e+03	1.1197e+01
2.7200e+03	1.6446e+03	-7.5764e+00	1.0604e+03	1.2310e+01
2.7300e+03	1.6446e+03	6.6681e+00	1.0512e+03	1.3219e+01
2.7400e+03	1.6446e+03	1.5176e+01	1.0458e+03	1.3643e+01
2.7500e+03	1.6446e+03	3.5435e+00	1.0532e+03	1.3224e+01
2.7600e+03	1.6446e+03	-7.6052e+00	1.0604e+03	1.1909e+01
2.7700e+03	1.6446e+03	-1.0327e+01	1.0622e+03	1.0429e+01
2.7800e+03	1.6446e+03	-2.3164e+01	1.0704e+03	9.7317e+00
2.7900e+03	1.6446e+03	-3.5651e+01	1.0784e+03	9.8075e+00
2.8000e+03	1.6446e+03	-3.3134e+01	1.0768e+03	1.1181e+01
2.8100e+03	1.6446e+03	-2.3526e+01	1.0706e+03	1.2947e+01
2.8200e+03	1.6446e+03	-1.3956e+01	1.0645e+03	1.4340e+01
2.8300e+03	1.6446e+03	-4.1561e+00	1.0582e+03	1.5726e+01
2.8400e+03	1.6446e+03	3.3666e+00	1.0534e+03	1.6808e+01
2.8500e+03	1.6446e+03	7.5646e+00	1.0507e+03	1.7345e+01
2.8600e+03	1.6446e+03	8.3710e+00	1.0501e+03	1.7221e+01
2.8700e+03	1.6446e+03	5.1550e+00	1.0522e+03	1.6225e+01
2.8800e+03	1.6446e+03	9.8131e-01	1.0549e+03	1.4472e+01
2.8900e+03	1.6446e+03	4.5760e+00	1.0526e+03	1.2496e+01
2.9000e+03	1.6446e+03	4.8760e+00	1.0524e+03	1.0211e+01
2.9100e+03	1.6446e+03	-1.3451e+01	1.0641e+03	8.1605e+00
2.9200e+03	1.6446e+03	-2.7164e+01	1.0730e+03	6.9777e+00
2.9300e+03	1.6446e+03	-3.5182e+01	1.0781e+03	6.0260e+00
2.9400e+03	1.6446e+03	-3.8426e+01	1.0802e+03	5.0552e+00
2.9500e+03	1.6446e+03	-3.5563e+01	1.0783e+03	4.5754e+00
2.9600e+03	1.6446e+03	-3.0668e+01	1.0752e+03	5.1891e+00
2.9700e+03	1.6446e+03	-2.4537e+01	1.0713e+03	6.4259e+00
2.9800e+03	1.6446e+03	-2.2536e+01	1.0700e+03	7.6404e+00
2.9900e+03	1.6446e+03	-2.3634e+01	1.0707e+03	8.9635e+00
3.0000e+03	1.6446e+03	-5.1913e+00	1.0589e+03	1.0165e+01
3.0100e+03	1.6446e+03	-8.8940e+00	1.0612e+03	1.1345e+01
3.0200e+03	1.6446e+03	-2.2229e+01	1.0698e+03	1.2141e+01
3.0300e+03	1.6446e+03	-2.2675e+01	1.0701e+03	1.2334e+01
3.0400e+03	1.6446e+03	-1.9777e+01	1.0682e+03	1.1870e+01
3.0500e+03	1.6446e+03	-1.6019e+01	1.0658e+03	1.0577e+01
3.0600e+03	1.6446e+03	-1.4473e+01	1.0648e+03	8.5234e+00
3.0700e+03	1.6446e+03	-2.3572e+01	1.0707e+03	6.6084e+00
3.0800e+03	1.6446e+03	-3.5249e+01	1.0781e+03	5.7264e+00
3.0900e+03	1.6446e+03	-3.7313e+01	1.0795e+03	6.3827e+00
3.1000e+03	1.6446e+03	-2.9794e+01	1.0746e+03	8.0951e+00
3.1100e+03	1.6446e+03	-2.1669e+01	1.0694e+03	9.7866e+00
3.1200e+03	1.6446e+03	-1.5555e+01	1.0655e+03	1.1572e+01
3.1300e+03	1.6446e+03	-8.8499e+00	1.0612e+03	1.3066e+01
3.1400e+03	1.6446e+03	-2.3589e+00	1.0570e+03	1.4170e+01
3.1500e+03	1.6446e+03	1.3203e+00	1.0547e+03	1.4918e+01
3.1600e+03	1.6446e+03	-3.4206e-01	1.0557e+03	1.5159e+01
3.1700e+03	1.6446e+03	-3.0689e+00	1.0575e+03	1.4772e+01
3.1800e+03	1.6446e+03	1.2752e+01	1.0473e+03	1.4292e+01
3.1900e+03	1.6447e+03	5.2748e+01	1.0217e+03	1.4236e+01
3.2000e+03	1.6446e+03	5.5400e+01	1.0200e+03	1.4521e+01
3.2100e+03	1.6446e+03	5.1046e+01	1.0228e+03	1.4913e+01
3.2200e+03	1.6446e+03	2.4533e+01	1.0398e+03	1.5020e+01
3.2300e+03	1.6446e+03	5.6301e+00	1.0519e+03	1.4761e+01
3.2400e+03	1.6446e+03	2.8017e+00	1.0537e+03	1.4023e+01
3.2500e+03	1.6446e+03	5.9550e-01	1.0551e+03	1.2895e+01
3.2600e+03	1.6446e+03	-6.5481e+00	1.0597e+03	1.1779e+01
3.2700e+03	1.6446e+03	-1.4337e+01	1.0647e+03	1.0948e+01
3.2800e+03	1.6446e+03	-2.2747e+01	1.0701e+03	1.0097e+01
3.2900e+03	1.6446e+03	-2.5461e+01	1.0719e+03	9.3230e+00
3.3000e+03	1.6446e+03	-1.1238e+01	1.0627e+03	9.2831e+00
3.3100e+03	1.6446e+03	1.6693e+01	1.0448e+03	9.8101e+00
3.3200e+03	1.6446e+03	2.0437e+01	1.0424e+03	1.0389e+01
3.3300e+03	1.6446e+03	2.7962e+00	1.0537e+03	1.1074e+01
3.3400e+03	1.6446e+03	6.9589e+00	1.0511e+03	1.1649e+01
3.3500e+03	1.6446e+03	-4.2645e+00	1.0583e+03	1.2219e+01
3.3600e+03	1.6446e+03	-1.8682e+01	1.0675e+03	1.2777e+01
3.3700e+03	1.6446e+03	-1.8790e+01	1.0676e+03	1.3182e+01
3.3800e+03	1.6446e+03	-1.2692e+00	1.0563e+03	1.3376e+01
3.3900e+03	1.6447e+03	2.7312e+01	1.0380e+03	1.3013e+01
3.4000e+03	1.6446e+03	3.1673e+00	1.0535e+03	1.1790e+01
3.4100e+03	1.6446e+03	-2.0963e+01	1.0690e+03	1.0020e+01
3.4200e+03	1.6446e+03	-3.4805e+01	1.0779e+03	8.4590e+00
3.4300e+03	1.6446e+03	-4.0956e+01	1.0818e+03	8.3247e+00
3.4400e+03	1.6446e+03	-4.0334e+01	1.0814e+03	9.3720e+00
3.4500e+03	1.6446e+03	-3.4472e+01	1.0776e+03	1.0972e+01
3.4600e+03	1.6446e+03	-2.0271e+01	1.0685e+03	1.3326e+01
3.4700e+03	1.6446e+03	8.2751e-01	1.0550e+03	1.5423e+01
3.4800e+03	1.6447e+03	2.2731e+01	1.0409e+03	1.6780e+01
3.4900e+03	1.6446e+03	2.8249e+01	1.0374e+03	1.7830e+01
3.5000e+03	1.6446e+03	3.3871e+01	1.0338e+03	1.9119e+01
3.5100e+03	1.6446e+03	5.2794e+01	1.0216e+03	2.0353e+01
3.5200e+03	1.6446e+03	7.6644e+01	1.0063e+03	2.1017e+01
3.5300e+03	1.6446e+03	7.8095e+01	1.0054e+03	2.0587e+01
3.5400e+03	1.6446e+03	5.7242e+01	1.0188e+03	1.9122e+01
3.5500e+03	1.6446e+03	5.1199e+01	1.0227e+03	1.6573e+01
3.5600e+03	1.6447e+03	3.0838e+01	1.0357e+03	1.2811e+01
3.5700e+03	1.6446e+03	-1.6095e+01	1.0658e+03	9.7682e+00
3.5800e+03	1.6446e+03	-2.6527e+01	1.0725e+03	1.0256e+01
3.5900e+03	1.6446e+03	-1.3872e+01	1.0644e+03	1.3194e+01
3.6000e+03	1.6447e+03	1.1510e+00	1.0548e+03	1.5535e+01
3.6100e+03	1.6446e+03	9.7897e+00	1.0492e+03	1.6571e+01
3.6200e+03	1.6446e+03	1.3341e+01	1.0470e+03	1.6401e+01
3.6300e+03	1.6446e+03	1.7804e+01	1.0441e+03	1.5367e+01
3.6400e+03	1.6446e+03	3.1111e+01	1.0355e+03	1.4086e+01
3.6500e+03	1.6447e+03	4.8476e+01	1.0244e+03	1.3252e+01
3.6600e+03	1.6446e+03	2.1501e+01	1.0417e+03	1.3094e+01
3.6700e+03	1.6446e+03	7.8607e+00	1.0505e+03	1.3185e+01
3.6800e+03	1.6446e+03	4.5510e+00	1.0526e+03	1.3293e+01
3.6900e+03	1.6446e+03	1.3084e+01	1.0471e+03	1.3046e+01
3.7000e+03	1.6447e+03	1.9006e+01	1.0433e+03	1.2527e+01
3.7100e+03	1.6446e+03	5.0474e+00	1.0523e+03	1.1859e+01
3.7200e+03	1.6446e+03	-3.1278e+00	1.0575e+03	1.1270e+01
3.7300e+03	1.6446e+03	-3.1544e-01	1.0557e+03	1.0615e+01
3.7400e+03	1.6446e+03	-2.3971e+00	1.0571e+03	9.6366e+00
3.7500e+03	1.6446e+03	-1.3458e+01	1.0642e+03	8.7624e+00
3.7600e+03	1.6446e+03	-1.5006e+01	1.0652e+03	8.8446e+00
3.7700e+03	1.6446e+03	-1.9198e+01	1.0678e+03	9.5384e+00
3.7800e+03	1.6446e+03	-2.3772e+01	1.0708e+03	9.9178e+00
3.7900e+03	1.6446e+03	-9.5853e+00	1.0617e+03	1.0439e+01
3.8000e+03	1.6447e+03	2.8316e+00	1.0537e+03	1.1164e+01
3.8100e+03	1.6446e+03	-3.6141e+00	1.0578e+03	1.1700e+01
3.8200e+03	1.6446e+03	-1.4253e+01	1.0647e+03	1.1580e+01
3.8300e+03	1.6446e+03	-2.4818e+01	1.0715e+03	1.0937e+01
3.8400e+03	1.6446e+03	-3.1236e+01	1.0756e+03	1.0178e+01
3.8500e+03	1.6446e+03	-2.8255e+01	1.0737e+03	9.8666e+00
3.8600e+03	1.6446e+03	-1.3196e+01	1.0640e+03	1.0549e+01
3.8700e+03	1.6446e+03	6.4403e+00	1.0514e+03	1.1874e+01
3.8800e+03	1.6446e+03	2.1732e+01	1.0416e+03	1.3167e+01
3.8900e+03	1.6447e+03	3.2479e+01	1.0347e+03	1.3523e+01
3.9000e+03	1.6446e+03	2.6245e+01	1.0387e+03	1.2672e+01
3.9100e+03	1.6446e+03	8.6643e+00	1.0500e+03	1.0731e+01
3.9200e+03	1.6446e+03	-7.6667e+00	1.0604e+03	8.5590e+00
3.9300e+03	1.6446e+03	-1.6898e+01	1.0664e+03	7.3051e+00
3.9400e+03	1.6446e+03	-1.9153e+01	1.0678e+03	8.1563e+00
3.9500e+03	1.6446e+03	-1.4666e+01	1.0649e+03	1.0029e+01
3.9600e+03	1.6446e+03	-1.0762e+01	1.0624e+03	1.1277e+01
3.9700e+03	1.6446e+03	-5.5184e+00	1.0591e+03	1.1879e+01
3.9800e+03	1.6446e+03	1.0947e+01	1.0485e+03	1.2317e+01
3.9900e+03	1.6447e+03	1.3142e+01	1.0471e+03	1.2578e+01
4.0000e+03	1.6446e+03	-3.4010e+00	1.0577e+03	1.2628e+01
4.0100e+03	1.6447e+03	8.8463e+00	1.0499e+03	1.2433e+01
4.0200e+03	1.6446e+03	1.0802e+01	1.0486e+03	1.1646e+01
4.0300e+03	1.6447e+03	6.3163e+00	1.0515e+03	1.0322e+01
4.0400e+03	1.6446e+03	-1.2025e+01	1.0632e+03	8.4635e+00
4.0500e+03	1.6446e+03	-2.5030e+01	1.0716e+03	6.6378e+00
4.0600e+03	1.6446e+03	-1.9932e+01	1.0683e+03	6.0374e+00
4.0700e+03	1.6447e+03	-8.7771e+00	1.0612e+03	6.7287e+00
4.0800e+03	1.6446e+03	-1.6908e+01	1.0664e+03	7.2504e+00
4.0900e+03	1.6446e+03	-2.9038e+01	1.0742e+03	7.1874e+00
4.1000e+03	1.6446e+03	-3.5690e+01	1.0784e+03	6.4784e+00
4.1100e+03	1.6446e+03	-3.7632e+01	1.0797e+03	5.3270e+00
4.1200e+03	1.6446e+03	-3.3099e+01	1.0768e+03	4.4829e+00
4.1300e+03	1.6446e+03	-1.9885e+01	1.0683e+03	5.3462e+00
4.1400e+03	1.6447e+03	-1.2777e+01	1.0637e+03	7.4912e+00
4.1500e+03	1.6446e+03	-1.6598e+01	1.0662e+03	9.5725e+00
4.1600e+03	1.6446e+03	-1.2062e+01	1.0633e+03	1.1146e+01
4.1700e+03	1.6446e+03	7.5030e-01	1.0550e+03	1.2241e+01
4.1800e+03	1.6447e+03	1.5342e+01	1.0457e+03	1.3101e+01
4.1900e+03	1.6447e+03	1.5929e+01	1.0453e+03	1.3736e+01
4.2000e+03	1.6446e+03	3.9223e+00	1.0530e+03	1.3906e+01
4.2100e+03	1.6446e+03	-6.8294e+00	1.0599e+03	1.3652e+01
4.2200e+03	1.6446e+03	-1.0279e+01	1.0621e+03	1.3025e+01
4.2300e+03	1.6446e+03	-7.2560e+00	1.0602e+03	1.1846e+01
4.2400e+03	1.6447e+03	-7.9574e+00	1.0606e+03	1.0109e+01
4.2500e+03	1.6446e+03	-1.7150e+01	1.0665e+03	8.0834e+00
4.2600e+03	1.6447e+03	-2.1331e+01	1.0692e+03	6.2740e+00
4.2700e+03	1.6446e+03	-2.7872e+01	1.0734e+03	5.2748e+00
4.2800e+03	1.6446e+03	-2.9595e+01	1.0745e+03	4.8169e+00
4.2900e+03	1.6447e+03	-2.2614e+01	1.0701e+03	4.7590e+00
4.3000e+03	1.6446e+03	-2.7912e+01	1.0734e+03	5.6060e+00
4.3100e+03	1.6446e+03	-1.6997e+01	1.0664e+03	6.9052e+00
4.3200e+03	1.6447e+03	2.1412e+01	1.0418e+03	8.0824e+00
4.3300e+03	1.6447e+03	3.4644e+01	1.0333e+03	8.8315e+00
4.3400e+03	1.6446e+03	3.4739e+00	1.0533e+03	8.9970e+00
4.3500e+03	1.6446e+03	-1.8529e+01	1.0674e+03	8.4593e+00
4.3600e+03	1.6446e+03	-2.7970e+01	1.0735e+03	7.6192e+00
4.3700e+03	1.6446e+03	-2.8934e+01	1.0741e+03	7.2527e+00
4.3800e+03	1.6446e+03	-2.2457e+01	1.0699e+03	8.0001e+00
4.3900e+03	1.6446e+03	-9.8485e+00	1.0619e+03	9.4125e+00
4.4000e+03	1.6446e+03	6.5762e+00	1.0513e+03	1.0648e+01
4.4100e+03	1.6447e+03	1.9252e+01	1.0432e+03	1.1175e+01
4.4200e+03	1.6446e+03	-1.4963e+00	1.0565e+03	1.1306e+01
4.4300e+03	1.6446e+03	-2.0230e+01	1.0685e+03	1.1162e+01
4.4400e+03	1.6446e+03	-2.7049e+01	1.0729e+03	1.0954e+01
4.4500e+03	1.6446e+03	-2.4694e+01	1.0714e+03	1.1483e+01
4.4600e+03	1.6447e+03	-1.4753e+01	1.0650e+03	1.2696e+01
4.4700e+03	1.6447e+03	-2.5411e+00	1.0572e+03	1.3948e+01
4.4800e+03	1.6447e+03	2.7560e+00	1.0538e+03	1.4513e+01
4.4900e+03	1.6447e+03	-8.0587e-01	1.0561e+03	1.4117e+01
4.5000e+03	1.6447e+03	-7.4928e+00	1.0603e+03	1.2823e+01
4.5100e+03	1.6447e+03	-1.4908e+01	1.0651e+03	1.1001e+01
4.5200e+03	1.6447e+03	-2.5140e+01	1.0717e+03	9.2913e+00
4.5300e+03	1.6446e+03	-3.0388e+01	1.0750e+03	8.7438e+00
4.5400e+03	1.6446e+03	-2.0582e+01	1.0687e+03	1.0282e+01
4.5500e+03	1.6447e+03	-4.2654e+00	1.0583e+03	1.2245e+01
4.5600e+03	1.6447e+03	7.4769e+00	1.0507e+03	1.3493e+01
4.5700e+03	1.6447e+03	1.2830e+01	1.0473e+03	1.3711e+01
4.5800e+03	1.6447e+03	1.5660e+01	1.0455e+03	1.3756e+01
4.5900e+03	1.6447e+03	1.8899e+01	1.0434e+03	1.4416e+01
4.6000e+03	1.6447e+03	1.9502e+01	1.0430e+03	1.5506e+01
4.6100e+03	1.6447e+03	1.8392e+01	1.0437e+03	1.6503e+01
4.6200e+03	1.6447e+03	1.2731e+01	1.0474e+03	1.7056e+01
4.6300e+03	1.6446e+03	6.6902e+00	1.0512e+03	1.6909e+01
4.6400e+03	1.6446e+03	1.2557e+01	1.0475e+03	1.5655e+01
4.6500e+03	1.6447e+03	1.6029e+01	1.0453e+03	1.3426e+01
4.6600e+03	1.6446e+03	-2.2363e+01	1.0699e+03	1.0772e+01
4.6700e+03	1.6446e+03	-3.2788e+01	1.0766e+03	8.5488e+00
4.6800e+03	1.6446e+03	-2.1428e+01	1.0693e+03	6.6657e+00
4.6900e+03	1.6447e+03	-8.6185e+00	1.0611e+03	4.3927e+00
4.7000e+03	1.6446e+03	-2.9389e+01	1.0744e+03	1.8064e+00
4.7100e+03	1.6446e+03	-4.6105e+01	1.0851e+03	1.0931e+00
4.7200e+03	1.6447e+03	-4.9750e+01	1.0875e+03	1.5253e+00
4.7300e+03	1.6447e+03	-5.0956e+01	1.0882e+03	1.8055e+00
4.7400e+03	1.6447e+03	-5.3048e+01	1.0896e+03	1.9195e+00
4.7500e+03	1.6447e+03	-5.4446e+01	1.0905e+03	3.2088e+00
4.7600e+03	1.6446e+03	-4.9395e+01	1.0872e+03	5.2947e+00
4.7700e+03	1.6447e+03	-3.0846e+01	1.0753e+03	7.8283e+00
4.7800e+03	1.6447e+03	-7.2869e+00	1.0602e+03	9.9321e+00
4.7900e+03	1.6446e+03	5.9670e+00	1.0517e+03	1.1233e+01
4.8000e+03	1.6447e+03	1.7162e+01	1.0445e+03	1.1708e+01
4.8100e+03	1.6447e+03	3.9074e+00	1.0530e+03	1.1703e+01
4.8200e+03	1.6446e+03	-1.6412e+01	1.0661e+03	1.1315e+01
4.8300e+03	1.6447e+03	-2.7406e+01	1.0731e+03	1.0891e+01
4.8400e+03	1.6447e+03	-2.8542e+01	1.0739e+03	1.0866e+01
4.8500e+03	1.6447e+03	-2.6244e+01	1.0724e+03	1.0945e+01
4.8600e+03	1.6447e+03	-2.6172e+01	1.0723e+03	1.0777e+01
4.8700e+03	1.6447e+03	-3.2580e+01	1.0764e+03	9.8555e+00
4.8800e+03	1.6447e+03	-4.1648e+01	1.0823e+03	8.2838e+00
4.8900e+03	1.6446e+03	-4.5328e+01	1.0846e+03	6.4420e+00
4.9000e+03	1.6447e+03	-3.8037e+01	1.0799e+03	5.5769e+00
4.9100e+03	1.6447e+03	-2.9311e+01	1.0743e+03	6.1653e+00
4.9200e+03	1.6447e+03	-2.4562e+01	1.0713e+03	7.6647e+00
4.9300e+03	1.6446e+03	-1.8069e+01	1.0671e+03	9.5134e+00
4.9400e+03	1.6446e+03	-1.0686e+00	1.0562e+03	1.1331e+01
4.9500e+03	1.6447e+03	4.3648e+01	1.0275e+03	1.2722e+01
4.9600e+03	1.6446e+03	3.6684e+01	1.0320e+03	1.3464e+01
4.9700e+03	1.6446e+03	1.2719e+01	1.0474e+03	1.3572e+01
4.9800e+03	1.6446e+03	9.0978e-01	1.0549e+03	1.3214e+01
4.9900e+03	1.6446e+03	-6.4345e-01	1.0559e+03	1.2800e+01
5.0000e+03	1.6447e+03	1.1478e+01	1.0482e+03	1.2358e+01
5.0100e+03	1.6446e+03	3.3831e+00	1.0534e+03	1.2450e+01
5.0200e+03	1.6446e+03	-7.6211e-01	1.0560e+03	1.3278e+01
5.0300e+03	1.6447e+03	1.5895e+01	1.0453e+03	1.4072e+01
5.0400e+03	1.6447e+03	2.0638e+01	1.0423e+03	1.4054e+01
5.0500e+03	1.6446e+03	1.9405e+00	1.0543e+03	1.3205e+01
5.0600e+03	1.6446e+03	-1.3262e+01	1.0640e+03	1.1635e+01
5.0700e+03	1.6446e+03	-1.4436e+01	1.0648e+03	9.6893e+00
5.0800e+03	1.6447e+03	-7.2239e+00	1.0602e+03	9.1751e+00
5.0900e+03	1.6446e+03	-5.1541e+00	1.0588e+03	1.0998e+01
5.1000e+03	1.6446e+03	3.4655e+00	1.0533e+03	1.3813e+01
5.1100e+03	1.6447e+03	1.2583e+01	1.0475e+03	1.5914e+01
5.1200e+03	1.6447e+03	1.6497e+01	1.0449e+03	1.6556e+01
5.1300e+03	1.6446e+03	1.3331e+01	1.0470e+03	1.5666e+01
5.1400e+03	1.6446e+03	1.4276e+01	1.0464e+03	1.3514e+01
5.1500e+03	1.6446e+03	1.3749e+01	1.0467e+03	1.0762e+01
5.1600e+03	1.6446e+03	3.9824e+00	1.0530e+03	8.8314e+00
5.1700e+03	1.6446e+03	-3.6203e+00	1.0578e+03	9.2889e+00
5.1800e+03	1.6446e+03	-1.3602e+00	1.0564e+03	1.0787e+01
5.1900e+03	1.6447e+03	9.8618e-01	1.0549e+03	1.2113e+01
5.2000e+03	1.6447e+03	-2.1357e+00	1.0569e+03	1.2856e+01
5.2100e+03	1.6446e+03	-4.8132e+00	1.0586e+03	1.3198e+01
5.2200e+03	1.6447e+03	-5.7781e+00	1.0592e+03	1.3669e+01
5.2300e+03	1.6446e+03	-8.8510e+00	1.0612e+03	1.4061e+01
5.2400e+03	1.6446e+03	-1.1598e+01	1.0630e+03	1.4411e+01
5.2500e+03	1.6446e+03	-1.2081e+01	1.0633e+03	1.4704e+01
5.2600e+03	1.6446e+03	-1.1698e+01	1.0630e+03	1.4809e+01
5.2700e+03	1.6446e+03	-1.1942e+01	1.0632e+03	1.4632e+01
5.2800e+03	1.6447e+03	-1.2829e+01	1.0638e+03	1.4080e+01
5.2900e+03	1.6446e+03	-1.1844e+01	1.0631e+03	1.2969e+01
5.3000e+03	1.6446e+03	2.1021e+00	1.0542e+03	1.1349e+01
5.3100e+03	1.6447e+03	4.3813e+00	1.0527e+03	9.3101e+00
5.3200e+03	1.6446e+03	-3.0120e+01	1.0748e+03	6.8455e+00
5.3300e+03	1.6446e+03	-3.7068e+01	1.0793e+03	5.4886e+00
5.3400e+03	1.6447e+03	-2.6856e+01	1.0728e+03	6.0417e+00
5.3500e+03	1.6446e+03	-2.2854e+01	1.0702e+03	8.5748e+00
5.3600e+03	1.6446e+03	-1.1796e+01	1.0631e+03	1.1948e+01
5.3700e+03	1.6446e+03	1.3888e+01	1.0466e+03	1.5014e+01
5.3800e+03	1.6447e+03	4.5038e+01	1.0266e+03	1.7171e+01
5.3900e+03	1.6447e+03	5.6499e+01	1.0193e+03	1.8002e+01
5.4000e+03	1.6446e+03	4.2944e+01	1.0280e+03	1.7378e+01
5.4100e+03	1.6446e+03	2.1011e+01	1.0420e+03	1.5720e+01
5.4200e+03	1.6446e+03	-2.0602e+00	1.0568e+03	1.3595e+01
5.4300e+03	1.6446e+03	-1.5993e+01	1.0658e+03	1.1910e+01
5.4400e+03	1.6446e+03	-1.7342e+01	1.0667e+03	1.1476e+01
5.4500e+03	1.6447e+03	-1.3116e+01	1.0640e+03	1.1983e+01
5.4600e+03	1.6447e+03	-1.0774e+01	1.0624e+03	1.2653e+01
5.4700e+03	1.6447e+03	-1.1743e+01	1.0631e+03	1.2870e+01
5.4800e+03	1.6446e+03	-1.4244e+01	1.0647e+03	1.2525e+01
5.4900e+03	1.6446e+03	-1.5769e+01	1.0657e+03	1.1824e+01
